****************************************************
****************************************************
 mstm calculation results
 date, time:
20220628 160205.741 
 input file:
linear_chain_10.inp
****************************************************
 input variables for run     1
 sphere data input file:
linear_chain_10_config.pos
 number spheres
   10
 length, ref index scale factors
  1.2670000E+00  1.0400000E+00  1.8330000E+00
 volume cluster radius, area mean sphere radius, circumscribing radius, cross section radius
  2.7296659E+00  1.2670000E+00  1.2381214E+01  2.7296659E+00
 random orientation, estimated t matrix order:
    20
 layer 0 refractive index
  1.0000E+00  0.0000E+00
 number of plane boundaries 
  0
 max_iterations,solution_epsilon, mie_epsilon
     10000  1.0000E-06  1.0000E-06
 maximum Mie order, number of equations:
   5       700
 mean sphere Mie extinction, absorption efficiencies
  3.4770E+00  1.6863E+00
****************************************************
 calculation results for run 
           1
 number iterations, error, solution time 
     0  0.0000E+00  5.8555E+01
 t matrix order:
    18
 total extinction, absorption, scattering efficiencies (unpolarized incidence)
  5.6601E+00  2.7623E+00  2.8978E+00
 total scattering
 number directions, number SM elements:
   181     6
   theta     11          12          22          33          34          44     
    0.00  5.3331E+00  0.0000E+00  9.9078E-01  9.9078E-01  0.0000E+00  9.8177E-01
    1.00  5.3048E+00 -1.3054E-04  9.9077E-01  9.9077E-01 -2.0903E-04  9.8174E-01
    2.00  5.2211E+00 -5.2102E-04  9.9072E-01  9.9072E-01 -8.4140E-04  9.8167E-01
    3.00  5.0853E+00 -1.1681E-03  9.9064E-01  9.9064E-01 -1.9127E-03  9.8154E-01
    4.00  4.9028E+00 -2.0664E-03  9.9053E-01  9.9053E-01 -3.4476E-03  9.8136E-01
    5.00  4.6804E+00 -3.2091E-03  9.9038E-01  9.9039E-01 -5.4785E-03  9.8113E-01
    6.00  4.4263E+00 -4.5888E-03  9.9020E-01  9.9022E-01 -8.0416E-03  9.8085E-01
    7.00  4.1494E+00 -6.1981E-03  9.8999E-01  9.9003E-01 -1.1173E-02  9.8053E-01
    8.00  3.8588E+00 -8.0321E-03  9.8974E-01  9.8981E-01 -1.4900E-02  9.8018E-01
    9.00  3.5634E+00 -1.0090E-02  9.8946E-01  9.8957E-01 -1.9235E-02  9.7979E-01
   10.00  3.2713E+00 -1.2379E-02  9.8915E-01  9.8932E-01 -2.4158E-02  9.7938E-01
   11.00  2.9894E+00 -1.4917E-02  9.8882E-01  9.8906E-01 -2.9607E-02  9.7897E-01
   12.00  2.7235E+00 -1.7734E-02  9.8846E-01  9.8880E-01 -3.5463E-02  9.7855E-01
   13.00  2.4777E+00 -2.0880E-02  9.8810E-01  9.8853E-01 -4.1536E-02  9.7815E-01
   14.00  2.2547E+00 -2.4420E-02  9.8772E-01  9.8826E-01 -4.7565E-02  9.7778E-01
   15.00  2.0555E+00 -2.8433E-02  9.8735E-01  9.8797E-01 -5.3228E-02  9.7742E-01
   16.00  1.8801E+00 -3.3006E-02  9.8698E-01  9.8765E-01 -5.8170E-02  9.7707E-01
   17.00  1.7271E+00 -3.8224E-02  9.8663E-01  9.8728E-01 -6.2044E-02  9.7671E-01
   18.00  1.5944E+00 -4.4156E-02  9.8629E-01  9.8680E-01 -6.4557E-02  9.7630E-01
   19.00  1.4796E+00 -5.0846E-02  9.8596E-01  9.8620E-01 -6.5521E-02  9.7580E-01
   20.00  1.3796E+00 -5.8304E-02  9.8562E-01  9.8542E-01 -6.4873E-02  9.7516E-01
   21.00  1.2917E+00 -6.6511E-02  9.8526E-01  9.8443E-01 -6.2677E-02  9.7432E-01
   22.00  1.2132E+00 -7.5417E-02  9.8486E-01  9.8319E-01 -5.9108E-02  9.7323E-01
   23.00  1.1418E+00 -8.4955E-02  9.8439E-01  9.8167E-01 -5.4413E-02  9.7185E-01
   24.00  1.0757E+00 -9.5048E-02  9.8384E-01  9.7986E-01 -4.8872E-02  9.7014E-01
   25.00  1.0134E+00 -1.0562E-01  9.8319E-01  9.7775E-01 -4.2762E-02  9.6808E-01
   26.00  9.5412E-01 -1.1659E-01  9.8241E-01  9.7533E-01 -3.6334E-02  9.6565E-01
   27.00  8.9732E-01 -1.2790E-01  9.8149E-01  9.7260E-01 -2.9795E-02  9.6284E-01
   28.00  8.4283E-01 -1.3951E-01  9.8042E-01  9.6957E-01 -2.3295E-02  9.5965E-01
   29.00  7.9070E-01 -1.5136E-01  9.7917E-01  9.6625E-01 -1.6927E-02  9.5608E-01
   30.00  7.4115E-01 -1.6344E-01  9.7775E-01  9.6266E-01 -1.0728E-02  9.5214E-01
   31.00  6.9443E-01 -1.7574E-01  9.7616E-01  9.5879E-01 -4.6755E-03  9.4784E-01
   32.00  6.5074E-01 -1.8828E-01  9.7440E-01  9.5465E-01  1.3003E-03  9.4317E-01
   33.00  6.1025E-01 -2.0107E-01  9.7248E-01  9.5024E-01  7.3114E-03  9.3816E-01
   34.00  5.7300E-01 -2.1417E-01  9.7042E-01  9.4554E-01  1.3497E-02  9.3278E-01
   35.00  5.3890E-01 -2.2760E-01  9.6824E-01  9.4050E-01  2.0010E-02  9.2704E-01
   36.00  5.0778E-01 -2.4142E-01  9.6596E-01  9.3508E-01  2.6995E-02  9.2088E-01
   37.00  4.7936E-01 -2.5567E-01  9.6360E-01  9.2920E-01  3.4578E-02  9.1429E-01
   38.00  4.5333E-01 -2.7038E-01  9.6117E-01  9.2280E-01  4.2847E-02  9.0719E-01
   39.00  4.2933E-01 -2.8557E-01  9.5869E-01  9.1578E-01  5.1852E-02  8.9953E-01
   40.00  4.0702E-01 -3.0124E-01  9.5615E-01  9.0805E-01  6.1601E-02  8.9122E-01
   41.00  3.8608E-01 -3.1734E-01  9.5355E-01  8.9954E-01  7.2064E-02  8.8220E-01
   42.00  3.6628E-01 -3.3385E-01  9.5087E-01  8.9015E-01  8.3182E-02  8.7239E-01
   43.00  3.4740E-01 -3.5069E-01  9.4809E-01  8.7982E-01  9.4878E-02  8.6171E-01
   44.00  3.2933E-01 -3.6780E-01  9.4519E-01  8.6849E-01  1.0707E-01  8.5010E-01
   45.00  3.1199E-01 -3.8507E-01  9.4213E-01  8.5613E-01  1.1965E-01  8.3751E-01
   46.00  2.9538E-01 -4.0242E-01  9.3891E-01  8.4271E-01  1.3256E-01  8.2389E-01
   47.00  2.7952E-01 -4.1974E-01  9.3549E-01  8.2821E-01  1.4570E-01  8.0921E-01
   48.00  2.6445E-01 -4.3692E-01  9.3187E-01  8.1263E-01  1.5902E-01  7.9343E-01
   49.00  2.5021E-01 -4.5388E-01  9.2804E-01  7.9600E-01  1.7246E-01  7.7655E-01
   50.00  2.3687E-01 -4.7052E-01  9.2399E-01  7.7834E-01  1.8597E-01  7.5857E-01
   51.00  2.2445E-01 -4.8676E-01  9.1975E-01  7.5966E-01  1.9950E-01  7.3951E-01
   52.00  2.1295E-01 -5.0254E-01  9.1534E-01  7.4001E-01  2.1303E-01  7.1937E-01
   53.00  2.0237E-01 -5.1780E-01  9.1078E-01  7.1942E-01  2.2653E-01  6.9820E-01
   54.00  1.9266E-01 -5.3252E-01  9.0611E-01  6.9791E-01  2.3996E-01  6.7602E-01
   55.00  1.8377E-01 -5.4668E-01  9.0137E-01  6.7549E-01  2.5328E-01  6.5288E-01
   56.00  1.7563E-01 -5.6028E-01  8.9660E-01  6.5217E-01  2.6647E-01  6.2882E-01
   57.00  1.6815E-01 -5.7330E-01  8.9185E-01  6.2795E-01  2.7947E-01  6.0389E-01
   58.00  1.6124E-01 -5.8577E-01  8.8716E-01  6.0281E-01  2.9224E-01  5.7812E-01
   59.00  1.5483E-01 -5.9768E-01  8.8254E-01  5.7675E-01  3.0475E-01  5.5156E-01
   60.00  1.4884E-01 -6.0903E-01  8.7805E-01  5.4975E-01  3.1693E-01  5.2427E-01
   61.00  1.4320E-01 -6.1980E-01  8.7369E-01  5.2181E-01  3.2875E-01  4.9628E-01
   62.00  1.3788E-01 -6.2998E-01  8.6949E-01  4.9293E-01  3.4018E-01  4.6764E-01
   63.00  1.3283E-01 -6.3953E-01  8.6545E-01  4.6313E-01  3.5118E-01  4.3841E-01
   64.00  1.2802E-01 -6.4841E-01  8.6159E-01  4.3244E-01  3.6172E-01  4.0863E-01
   65.00  1.2345E-01 -6.5657E-01  8.5790E-01  4.0092E-01  3.7180E-01  3.7835E-01
   66.00  1.1912E-01 -6.6396E-01  8.5436E-01  3.6862E-01  3.8138E-01  3.4762E-01
   67.00  1.1502E-01 -6.7050E-01  8.5096E-01  3.3565E-01  3.9046E-01  3.1646E-01
   68.00  1.1117E-01 -6.7614E-01  8.4766E-01  3.0211E-01  3.9902E-01  2.8491E-01
   69.00  1.0756E-01 -6.8080E-01  8.4442E-01  2.6812E-01  4.0704E-01  2.5302E-01
   70.00  1.0422E-01 -6.8441E-01  8.4118E-01  2.3381E-01  4.1448E-01  2.2080E-01
   71.00  1.0114E-01 -6.8690E-01  8.3789E-01  1.9936E-01  4.2129E-01  1.8829E-01
   72.00  9.8329E-02 -6.8822E-01  8.3446E-01  1.6491E-01  4.2744E-01  1.5555E-01
   73.00  9.5780E-02 -6.8831E-01  8.3083E-01  1.3066E-01  4.3284E-01  1.2261E-01
   74.00  9.3491E-02 -6.8715E-01  8.2693E-01  9.6785E-02  4.3742E-01  8.9571E-02
   75.00  9.1451E-02 -6.8473E-01  8.2270E-01  6.3463E-02  4.4110E-01  5.6513E-02
   76.00  8.9650E-02 -6.8107E-01  8.1809E-01  3.0873E-02  4.4382E-01  2.3561E-02
   77.00  8.8074E-02 -6.7622E-01  8.1310E-01 -8.1793E-04  4.4550E-01 -9.1442E-03
   78.00  8.6708E-02 -6.7024E-01  8.0771E-01 -3.1461E-02  4.4613E-01 -4.1443E-02
   79.00  8.5538E-02 -6.6324E-01  8.0195E-01 -6.0931E-02  4.4567E-01 -7.3162E-02
   80.00  8.4549E-02 -6.5535E-01  7.9589E-01 -8.9130E-02  4.4415E-01 -1.0413E-01
   81.00  8.3728E-02 -6.4669E-01  7.8960E-01 -1.1599E-01  4.4163E-01 -1.3416E-01
   82.00  8.3063E-02 -6.3743E-01  7.8318E-01 -1.4149E-01  4.3818E-01 -1.6312E-01
   83.00  8.2545E-02 -6.2772E-01  7.7675E-01 -1.6564E-01  4.3392E-01 -1.9086E-01
   84.00  8.2162E-02 -6.1771E-01  7.7045E-01 -1.8849E-01  4.2900E-01 -2.1727E-01
   85.00  8.1909E-02 -6.0755E-01  7.6442E-01 -2.1012E-01  4.2357E-01 -2.4230E-01
   86.00  8.1777E-02 -5.9735E-01  7.5878E-01 -2.3064E-01  4.1779E-01 -2.6591E-01
   87.00  8.1762E-02 -5.8721E-01  7.5366E-01 -2.5022E-01  4.1183E-01 -2.8812E-01
   88.00  8.1856E-02 -5.7723E-01  7.4919E-01 -2.6899E-01  4.0585E-01 -3.0896E-01
   89.00  8.2054E-02 -5.6743E-01  7.4545E-01 -2.8714E-01  3.9999E-01 -3.2852E-01
   90.00  8.2351E-02 -5.5784E-01  7.4251E-01 -3.0484E-01  3.9436E-01 -3.4691E-01
   91.00  8.2738E-02 -5.4846E-01  7.4041E-01 -3.2224E-01  3.8903E-01 -3.6424E-01
   92.00  8.3209E-02 -5.3925E-01  7.3918E-01 -3.3949E-01  3.8407E-01 -3.8065E-01
   93.00  8.3755E-02 -5.3018E-01  7.3880E-01 -3.5671E-01  3.7950E-01 -3.9628E-01
   94.00  8.4368E-02 -5.2118E-01  7.3925E-01 -3.7400E-01  3.7530E-01 -4.1124E-01
   95.00  8.5037E-02 -5.1219E-01  7.4045E-01 -3.9143E-01  3.7145E-01 -4.2567E-01
   96.00  8.5752E-02 -5.0315E-01  7.4235E-01 -4.0901E-01  3.6789E-01 -4.3966E-01
   97.00  8.6505E-02 -4.9399E-01  7.4487E-01 -4.2677E-01  3.6455E-01 -4.5329E-01
   98.00  8.7284E-02 -4.8466E-01  7.4791E-01 -4.4467E-01  3.6136E-01 -4.6663E-01
   99.00  8.8080E-02 -4.7512E-01  7.5137E-01 -4.6269E-01  3.5823E-01 -4.7972E-01
  100.00  8.8885E-02 -4.6532E-01  7.5517E-01 -4.8075E-01  3.5510E-01 -4.9259E-01
  101.00  8.9691E-02 -4.5524E-01  7.5922E-01 -4.9879E-01  3.5188E-01 -5.0526E-01
  102.00  9.0490E-02 -4.4488E-01  7.6343E-01 -5.1672E-01  3.4852E-01 -5.1771E-01
  103.00  9.1277E-02 -4.3423E-01  7.6773E-01 -5.3448E-01  3.4495E-01 -5.2995E-01
  104.00  9.2047E-02 -4.2329E-01  7.7205E-01 -5.5196E-01  3.4115E-01 -5.4194E-01
  105.00  9.2798E-02 -4.1210E-01  7.7634E-01 -5.6909E-01  3.3706E-01 -5.5366E-01
  106.00  9.3527E-02 -4.0067E-01  7.8054E-01 -5.8580E-01  3.3268E-01 -5.6510E-01
  107.00  9.4233E-02 -3.8903E-01  7.8462E-01 -6.0203E-01  3.2800E-01 -5.7621E-01
  108.00  9.4917E-02 -3.7721E-01  7.8855E-01 -6.1770E-01  3.2301E-01 -5.8697E-01
  109.00  9.5579E-02 -3.6526E-01  7.9230E-01 -6.3278E-01  3.1773E-01 -5.9737E-01
  110.00  9.6220E-02 -3.5322E-01  7.9587E-01 -6.4723E-01  3.1216E-01 -6.0738E-01
  111.00  9.6843E-02 -3.4113E-01  7.9924E-01 -6.6101E-01  3.0634E-01 -6.1697E-01
  112.00  9.7449E-02 -3.2902E-01  8.0241E-01 -6.7411E-01  3.0027E-01 -6.2615E-01
  113.00  9.8039E-02 -3.1694E-01  8.0538E-01 -6.8651E-01  2.9398E-01 -6.3489E-01
  114.00  9.8617E-02 -3.0492E-01  8.0817E-01 -6.9822E-01  2.8751E-01 -6.4320E-01
  115.00  9.9183E-02 -2.9302E-01  8.1077E-01 -7.0925E-01  2.8088E-01 -6.5108E-01
  116.00  9.9740E-02 -2.8125E-01  8.1321E-01 -7.1960E-01  2.7410E-01 -6.5852E-01
  117.00  1.0029E-01 -2.6965E-01  8.1548E-01 -7.2929E-01  2.6722E-01 -6.6552E-01
  118.00  1.0083E-01 -2.5825E-01  8.1760E-01 -7.3835E-01  2.6024E-01 -6.7211E-01
  119.00  1.0136E-01 -2.4708E-01  8.1960E-01 -7.4681E-01  2.5320E-01 -6.7829E-01
  120.00  1.0188E-01 -2.3616E-01  8.2147E-01 -7.5468E-01  2.4610E-01 -6.8407E-01
  121.00  1.0239E-01 -2.2551E-01  8.2323E-01 -7.6201E-01  2.3897E-01 -6.8947E-01
  122.00  1.0289E-01 -2.1514E-01  8.2490E-01 -7.6883E-01  2.3182E-01 -6.9450E-01
  123.00  1.0339E-01 -2.0508E-01  8.2648E-01 -7.7516E-01  2.2466E-01 -6.9918E-01
  124.00  1.0387E-01 -1.9533E-01  8.2799E-01 -7.8105E-01  2.1750E-01 -7.0351E-01
  125.00  1.0434E-01 -1.8590E-01  8.2943E-01 -7.8651E-01  2.1036E-01 -7.0753E-01
  126.00  1.0480E-01 -1.7679E-01  8.3081E-01 -7.9159E-01  2.0325E-01 -7.1125E-01
  127.00  1.0524E-01 -1.6802E-01  8.3214E-01 -7.9632E-01  1.9616E-01 -7.1467E-01
  128.00  1.0567E-01 -1.5959E-01  8.3342E-01 -8.0071E-01  1.8912E-01 -7.1783E-01
  129.00  1.0608E-01 -1.5148E-01  8.3467E-01 -8.0479E-01  1.8212E-01 -7.2073E-01
  130.00  1.0648E-01 -1.4371E-01  8.3587E-01 -8.0860E-01  1.7517E-01 -7.2340E-01
  131.00  1.0687E-01 -1.3627E-01  8.3704E-01 -8.1215E-01  1.6829E-01 -7.2584E-01
  132.00  1.0724E-01 -1.2915E-01  8.3818E-01 -8.1546E-01  1.6148E-01 -7.2808E-01
  133.00  1.0759E-01 -1.2234E-01  8.3929E-01 -8.1856E-01  1.5474E-01 -7.3013E-01
  134.00  1.0793E-01 -1.1584E-01  8.4037E-01 -8.2146E-01  1.4808E-01 -7.3201E-01
  135.00  1.0826E-01 -1.0964E-01  8.4143E-01 -8.2417E-01  1.4151E-01 -7.3372E-01
  136.00  1.0858E-01 -1.0373E-01  8.4246E-01 -8.2672E-01  1.3504E-01 -7.3528E-01
  137.00  1.0889E-01 -9.8099E-02  8.4346E-01 -8.2911E-01  1.2868E-01 -7.3671E-01
  138.00  1.0918E-01 -9.2733E-02  8.4444E-01 -8.3137E-01  1.2242E-01 -7.3801E-01
  139.00  1.0947E-01 -8.7620E-02  8.4540E-01 -8.3349E-01  1.1629E-01 -7.3920E-01
  140.00  1.0975E-01 -8.2749E-02  8.4634E-01 -8.3550E-01  1.1027E-01 -7.4029E-01
  141.00  1.1003E-01 -7.8106E-02  8.4726E-01 -8.3740E-01  1.0439E-01 -7.4129E-01
  142.00  1.1030E-01 -7.3679E-02  8.4816E-01 -8.3920E-01  9.8645E-02 -7.4220E-01
  143.00  1.1057E-01 -6.9455E-02  8.4904E-01 -8.4092E-01  9.3043E-02 -7.4303E-01
  144.00  1.1083E-01 -6.5422E-02  8.4990E-01 -8.4255E-01  8.7589E-02 -7.4379E-01
  145.00  1.1109E-01 -6.1568E-02  8.5075E-01 -8.4410E-01  8.2289E-02 -7.4449E-01
  146.00  1.1135E-01 -5.7882E-02  8.5159E-01 -8.4559E-01  7.7147E-02 -7.4512E-01
  147.00  1.1161E-01 -5.4354E-02  8.5241E-01 -8.4702E-01  7.2167E-02 -7.4569E-01
  148.00  1.1187E-01 -5.0973E-02  8.5322E-01 -8.4838E-01  6.7353E-02 -7.4621E-01
  149.00  1.1213E-01 -4.7731E-02  8.5402E-01 -8.4969E-01  6.2709E-02 -7.4667E-01
  150.00  1.1239E-01 -4.4621E-02  8.5481E-01 -8.5096E-01  5.8237E-02 -7.4708E-01
  151.00  1.1266E-01 -4.1634E-02  8.5560E-01 -8.5218E-01  5.3939E-02 -7.4744E-01
  152.00  1.1292E-01 -3.8767E-02  8.5637E-01 -8.5335E-01  4.9818E-02 -7.4775E-01
  153.00  1.1319E-01 -3.6013E-02  8.5714E-01 -8.5449E-01  4.5875E-02 -7.4801E-01
  154.00  1.1345E-01 -3.3369E-02  8.5791E-01 -8.5559E-01  4.2110E-02 -7.4823E-01
  155.00  1.1372E-01 -3.0830E-02  8.5867E-01 -8.5665E-01  3.8524E-02 -7.4839E-01
  156.00  1.1399E-01 -2.8396E-02  8.5943E-01 -8.5768E-01  3.5116E-02 -7.4850E-01
  157.00  1.1427E-01 -2.6063E-02  8.6018E-01 -8.5868E-01  3.1887E-02 -7.4857E-01
  158.00  1.1454E-01 -2.3831E-02  8.6092E-01 -8.5965E-01  2.8834E-02 -7.4859E-01
  159.00  1.1481E-01 -2.1699E-02  8.6167E-01 -8.6059E-01  2.5957E-02 -7.4856E-01
  160.00  1.1508E-01 -1.9667E-02  8.6240E-01 -8.6150E-01  2.3254E-02 -7.4849E-01
  161.00  1.1535E-01 -1.7734E-02  8.6313E-01 -8.6238E-01  2.0722E-02 -7.4837E-01
  162.00  1.1562E-01 -1.5900E-02  8.6385E-01 -8.6323E-01  1.8358E-02 -7.4821E-01
  163.00  1.1588E-01 -1.4166E-02  8.6456E-01 -8.6406E-01  1.6161E-02 -7.4802E-01
  164.00  1.1614E-01 -1.2533E-02  8.6525E-01 -8.6486E-01  1.4126E-02 -7.4779E-01
  165.00  1.1640E-01 -1.1000E-02  8.6593E-01 -8.6562E-01  1.2249E-02 -7.4753E-01
  166.00  1.1665E-01 -9.5677E-03  8.6659E-01 -8.6636E-01  1.0527E-02 -7.4724E-01
  167.00  1.1689E-01 -8.2365E-03  8.6724E-01 -8.6705E-01  8.9563E-03 -7.4693E-01
  168.00  1.1712E-01 -7.0064E-03  8.6785E-01 -8.6772E-01  7.5310E-03 -7.4661E-01
  169.00  1.1734E-01 -5.8773E-03  8.6844E-01 -8.6834E-01  6.2466E-03 -7.4628E-01
  170.00  1.1754E-01 -4.8489E-03  8.6900E-01 -8.6893E-01  5.0981E-03 -7.4594E-01
  171.00  1.1774E-01 -3.9209E-03  8.6951E-01 -8.6947E-01  4.0802E-03 -7.4561E-01
  172.00  1.1792E-01 -3.0930E-03  8.6999E-01 -8.6997E-01  3.1876E-03 -7.4529E-01
  173.00  1.1808E-01 -2.3644E-03  8.7043E-01 -8.7041E-01  2.4151E-03 -7.4499E-01
  174.00  1.1822E-01 -1.7346E-03  8.7081E-01 -8.7080E-01  1.7577E-03 -7.4471E-01
  175.00  1.1835E-01 -1.2031E-03  8.7114E-01 -8.7114E-01  1.2105E-03 -7.4446E-01
  176.00  1.1845E-01 -7.6915E-04  8.7142E-01 -8.7142E-01  7.6934E-04 -7.4425E-01
  177.00  1.1853E-01 -4.3227E-04  8.7164E-01 -8.7164E-01  4.3035E-04 -7.4408E-01
  178.00  1.1859E-01 -1.9200E-04  8.7180E-01 -8.7180E-01  1.9049E-04 -7.4395E-01
  179.00  1.1862E-01 -4.7981E-05  8.7189E-01 -8.7189E-01  4.7504E-05 -7.4388E-01
  180.00  1.1864E-01 -1.1890E-15  8.7193E-01 -8.7193E-01  1.1764E-15 -7.4385E-01
