****************************************************
****************************************************
 mstm calculation results
 date, time:
20220628 161220.403 
 input file:
packed_cluster_10.inp
****************************************************
 input variables for run     1
 sphere data input file:
packed_cluster_10_config.pos
 number spheres
   10
 length, ref index scale factors
  1.2670000E+00  1.0400000E+00  1.8330000E+00
 volume cluster radius, area mean sphere radius, circumscribing radius, cross section radius
  2.7296659E+00  1.2670000E+00  3.9219253E+00  2.7296659E+00
 random orientation, estimated t matrix order:
    11
 layer 0 refractive index
  1.0000E+00  0.0000E+00
 number of plane boundaries 
  0
 max_iterations,solution_epsilon, mie_epsilon
     10000  1.0000E-06  1.0000E-06
 maximum Mie order, number of equations:
   5       700
 mean sphere Mie extinction, absorption efficiencies
  3.4770E+00  1.6863E+00
****************************************************
 calculation results for run 
           1
 number iterations, error, solution time 
     0  0.0000E+00  2.6484E+01
 t matrix order:
    10
 total extinction, absorption, scattering efficiencies (unpolarized incidence)
  3.7711E+00  1.8889E+00  1.8822E+00
 total scattering
 number directions, number SM elements:
   181     6
   theta     11          12          22          33          34          44     
    0.00  3.5630E+00  0.0000E+00  9.9808E-01  9.9808E-01  0.0000E+00  9.9638E-01
    1.00  3.5585E+00 -2.6048E-04  9.9808E-01  9.9808E-01  2.0219E-04  9.9637E-01
    2.00  3.5452E+00 -1.0423E-03  9.9806E-01  9.9806E-01  8.0933E-04  9.9635E-01
    3.00  3.5232E+00 -2.3468E-03  9.9804E-01  9.9804E-01  1.8232E-03  9.9632E-01
    4.00  3.4925E+00 -4.1761E-03  9.9801E-01  9.9799E-01  3.2466E-03  9.9626E-01
    5.00  3.4534E+00 -6.5331E-03  9.9797E-01  9.9793E-01  5.0838E-03  9.9618E-01
    6.00  3.4062E+00 -9.4216E-03  9.9792E-01  9.9785E-01  7.3399E-03  9.9607E-01
    7.00  3.3512E+00 -1.2846E-02  9.9786E-01  9.9772E-01  1.0021E-02  9.9592E-01
    8.00  3.2888E+00 -1.6813E-02  9.9779E-01  9.9756E-01  1.3136E-02  9.9572E-01
    9.00  3.2194E+00 -2.1327E-02  9.9770E-01  9.9733E-01  1.6693E-02  9.9546E-01
   10.00  3.1434E+00 -2.6397E-02  9.9761E-01  9.9704E-01  2.0702E-02  9.9513E-01
   11.00  3.0615E+00 -3.2029E-02  9.9750E-01  9.9666E-01  2.5174E-02  9.9470E-01
   12.00  2.9740E+00 -3.8234E-02  9.9738E-01  9.9618E-01  3.0123E-02  9.9417E-01
   13.00  2.8817E+00 -4.5021E-02  9.9724E-01  9.9557E-01  3.5562E-02  9.9350E-01
   14.00  2.7850E+00 -5.2400E-02  9.9709E-01  9.9482E-01  4.1506E-02  9.9268E-01
   15.00  2.6845E+00 -6.0382E-02  9.9692E-01  9.9390E-01  4.7972E-02  9.9168E-01
   16.00  2.5810E+00 -6.8979E-02  9.9674E-01  9.9278E-01  5.4979E-02  9.9048E-01
   17.00  2.4749E+00 -7.8204E-02  9.9653E-01  9.9142E-01  6.2544E-02  9.8902E-01
   18.00  2.3669E+00 -8.8070E-02  9.9629E-01  9.8979E-01  7.0688E-02  9.8729E-01
   19.00  2.2576E+00 -9.8590E-02  9.9604E-01  9.8785E-01  7.9434E-02  9.8523E-01
   20.00  2.1475E+00 -1.0978E-01  9.9575E-01  9.8555E-01  8.8803E-02  9.8280E-01
   21.00  2.0374E+00 -1.2165E-01  9.9544E-01  9.8284E-01  9.8819E-02  9.7995E-01
   22.00  1.9276E+00 -1.3422E-01  9.9509E-01  9.7966E-01  1.0951E-01  9.7661E-01
   23.00  1.8188E+00 -1.4750E-01  9.9470E-01  9.7595E-01  1.2089E-01  9.7272E-01
   24.00  1.7114E+00 -1.6151E-01  9.9426E-01  9.7164E-01  1.3300E-01  9.6821E-01
   25.00  1.6058E+00 -1.7625E-01  9.9378E-01  9.6664E-01  1.4585E-01  9.6299E-01
   26.00  1.5026E+00 -1.9175E-01  9.9325E-01  9.6086E-01  1.5947E-01  9.5696E-01
   27.00  1.4021E+00 -2.0800E-01  9.9265E-01  9.5420E-01  1.7388E-01  9.5002E-01
   28.00  1.3046E+00 -2.2502E-01  9.9199E-01  9.4655E-01  1.8911E-01  9.4206E-01
   29.00  1.2104E+00 -2.4282E-01  9.9125E-01  9.3778E-01  2.0517E-01  9.3295E-01
   30.00  1.1198E+00 -2.6138E-01  9.9042E-01  9.2775E-01  2.2208E-01  9.2253E-01
   31.00  1.0331E+00 -2.8071E-01  9.8949E-01  9.1630E-01  2.3983E-01  9.1064E-01
   32.00  9.5036E-01 -3.0079E-01  9.8845E-01  9.0326E-01  2.5842E-01  8.9711E-01
   33.00  8.7176E-01 -3.2160E-01  9.8728E-01  8.8844E-01  2.7784E-01  8.8173E-01
   34.00  7.9739E-01 -3.4310E-01  9.8596E-01  8.7160E-01  2.9806E-01  8.6427E-01
   35.00  7.2731E-01 -3.6525E-01  9.8447E-01  8.5253E-01  3.1903E-01  8.4450E-01
   36.00  6.6156E-01 -3.8799E-01  9.8280E-01  8.3096E-01  3.4066E-01  8.2213E-01
   37.00  6.0012E-01 -4.1121E-01  9.8091E-01  8.0661E-01  3.6285E-01  7.9688E-01
   38.00  5.4294E-01 -4.3481E-01  9.7877E-01  7.7917E-01  3.8545E-01  7.6842E-01
   39.00  4.8997E-01 -4.5865E-01  9.7634E-01  7.4833E-01  4.0826E-01  7.3642E-01
   40.00  4.4109E-01 -4.8253E-01  9.7360E-01  7.1375E-01  4.3102E-01  7.0053E-01
   41.00  3.9621E-01 -5.0624E-01  9.7049E-01  6.7508E-01  4.5340E-01  6.6037E-01
   42.00  3.5516E-01 -5.2949E-01  9.6697E-01  6.3200E-01  4.7498E-01  6.1561E-01
   43.00  3.1780E-01 -5.5195E-01  9.6298E-01  5.8420E-01  4.9523E-01  5.6590E-01
   44.00  2.8397E-01 -5.7321E-01  9.5847E-01  5.3142E-01  5.1352E-01  5.1096E-01
   45.00  2.5346E-01 -5.9281E-01  9.5339E-01  4.7348E-01  5.2909E-01  4.5060E-01
   46.00  2.2610E-01 -6.1022E-01  9.4768E-01  4.1036E-01  5.4105E-01  3.8474E-01
   47.00  2.0169E-01 -6.2486E-01  9.4130E-01  3.4217E-01  5.4837E-01  3.1351E-01
   48.00  1.8003E-01 -6.3609E-01  9.3419E-01  2.6931E-01  5.4993E-01  2.3726E-01
   49.00  1.6092E-01 -6.4328E-01  9.2635E-01  1.9245E-01  5.4453E-01  1.5667E-01
   50.00  1.4415E-01 -6.4584E-01  9.1777E-01  1.1265E-01  5.3098E-01  7.2801E-02
   51.00  1.2954E-01 -6.4325E-01  9.0850E-01  3.1361E-02  5.0819E-01 -1.2878E-02
   52.00  1.1689E-01 -6.3520E-01  8.9860E-01 -4.9545E-02  4.7527E-01 -9.8451E-02
   53.00  1.0601E-01 -6.2159E-01  8.8822E-01 -1.2782E-01  4.3173E-01 -1.8161E-01
   54.00  9.6727E-02 -6.0267E-01  8.7751E-01 -2.0097E-01  3.7758E-01 -2.5975E-01
   55.00  8.8875E-02 -5.7906E-01  8.6669E-01 -2.6638E-01  3.1348E-01 -3.3018E-01
   56.00  8.2291E-02 -5.5176E-01  8.5601E-01 -3.2162E-01  2.4077E-01 -3.9034E-01
   57.00  7.6825E-02 -5.2210E-01  8.4573E-01 -3.6465E-01  1.6148E-01 -4.3806E-01
   58.00  7.2340E-02 -4.9166E-01  8.3608E-01 -3.9410E-01  7.8162E-02 -4.7186E-01
   59.00  6.8705E-02 -4.6210E-01  8.2727E-01 -4.0942E-01 -6.2864E-03 -4.9108E-01
   60.00  6.5805E-02 -4.3500E-01  8.1946E-01 -4.1093E-01 -8.8917E-02 -4.9598E-01
   61.00  6.3531E-02 -4.1175E-01  8.1272E-01 -3.9978E-01 -1.6698E-01 -4.8766E-01
   62.00  6.1789E-02 -3.9339E-01  8.0707E-01 -3.7776E-01 -2.3817E-01 -4.6793E-01
   63.00  6.0491E-02 -3.8057E-01  8.0248E-01 -3.4711E-01 -3.0073E-01 -4.3904E-01
   64.00  5.9562E-02 -3.7356E-01  7.9884E-01 -3.1027E-01 -3.5353E-01 -4.0347E-01
   65.00  5.8936E-02 -3.7229E-01  7.9603E-01 -2.6966E-01 -3.9603E-01 -3.6371E-01
   66.00  5.8553E-02 -3.7637E-01  7.9393E-01 -2.2749E-01 -4.2822E-01 -3.2204E-01
   67.00  5.8365E-02 -3.8524E-01  7.9237E-01 -1.8572E-01 -4.5047E-01 -2.8048E-01
   68.00  5.8328E-02 -3.9818E-01  7.9124E-01 -1.4597E-01 -4.6345E-01 -2.4072E-01
   69.00  5.8407E-02 -4.1443E-01  7.9041E-01 -1.0950E-01 -4.6801E-01 -2.0408E-01
   70.00  5.8571E-02 -4.3318E-01  7.8978E-01 -7.7243E-02 -4.6510E-01 -1.7155E-01
   71.00  5.8798E-02 -4.5366E-01  7.8926E-01 -4.9867E-02 -4.5571E-01 -1.4382E-01
   72.00  5.9066E-02 -4.7512E-01  7.8878E-01 -2.7772E-02 -4.4081E-01 -1.2133E-01
   73.00  5.9362E-02 -4.9689E-01  7.8830E-01 -1.1160E-02 -4.2134E-01 -1.0430E-01
   74.00  5.9672E-02 -5.1834E-01  7.8776E-01 -6.4744E-05 -3.9818E-01 -9.2788E-02
   75.00  5.9987E-02 -5.3892E-01  7.8715E-01  5.6119E-03 -3.7213E-01 -8.6704E-02
   76.00  6.0302E-02 -5.5817E-01  7.8646E-01  6.0728E-03 -3.4394E-01 -8.5851E-02
   77.00  6.0612E-02 -5.7568E-01  7.8565E-01  1.6019E-03 -3.1429E-01 -8.9947E-02
   78.00  6.0913E-02 -5.9111E-01  7.8475E-01 -7.4550E-03 -2.8378E-01 -9.8646E-02
   79.00  6.1204E-02 -6.0419E-01  7.8374E-01 -2.0706E-02 -2.5296E-01 -1.1155E-01
   80.00  6.1484E-02 -6.1472E-01  7.8263E-01 -3.7728E-02 -2.2232E-01 -1.2824E-01
   81.00  6.1752E-02 -6.2256E-01  7.8144E-01 -5.8075E-02 -1.9229E-01 -1.4826E-01
   82.00  6.2009E-02 -6.2763E-01  7.8016E-01 -8.1290E-02 -1.6323E-01 -1.7114E-01
   83.00  6.2254E-02 -6.2990E-01  7.7880E-01 -1.0691E-01 -1.3548E-01 -1.9643E-01
   84.00  6.2488E-02 -6.2940E-01  7.7738E-01 -1.3449E-01 -1.0930E-01 -2.2365E-01
   85.00  6.2711E-02 -6.2619E-01  7.7591E-01 -1.6358E-01 -8.4912E-02 -2.5236E-01
   86.00  6.2923E-02 -6.2039E-01  7.7440E-01 -1.9376E-01 -6.2497E-02 -2.8214E-01
   87.00  6.3124E-02 -6.1215E-01  7.7285E-01 -2.2463E-01 -4.2183E-02 -3.1257E-01
   88.00  6.3313E-02 -6.0164E-01  7.7127E-01 -2.5582E-01 -2.4060E-02 -3.4327E-01
   89.00  6.3490E-02 -5.8908E-01  7.6968E-01 -2.8698E-01 -8.1786E-03 -3.7391E-01
   90.00  6.3654E-02 -5.7467E-01  7.6807E-01 -3.1782E-01  5.4457E-03 -4.0416E-01
   91.00  6.3805E-02 -5.5865E-01  7.6645E-01 -3.4805E-01  1.6830E-02 -4.3376E-01
   92.00  6.3942E-02 -5.4126E-01  7.6483E-01 -3.7745E-01  2.6021E-02 -4.6246E-01
   93.00  6.4063E-02 -5.2275E-01  7.6321E-01 -4.0582E-01  3.3089E-02 -4.9006E-01
   94.00  6.4168E-02 -5.0335E-01  7.6160E-01 -4.3298E-01  3.8128E-02 -5.1639E-01
   95.00  6.4255E-02 -4.8329E-01  7.6001E-01 -4.5883E-01  4.1246E-02 -5.4133E-01
   96.00  6.4325E-02 -4.6280E-01  7.5843E-01 -4.8324E-01  4.2571E-02 -5.6476E-01
   97.00  6.4376E-02 -4.4210E-01  7.5687E-01 -5.0617E-01  4.2237E-02 -5.8662E-01
   98.00  6.4409E-02 -4.2137E-01  7.5534E-01 -5.2757E-01  4.0390E-02 -6.0687E-01
   99.00  6.4422E-02 -4.0080E-01  7.5384E-01 -5.4742E-01  3.7180E-02 -6.2548E-01
  100.00  6.4416E-02 -3.8055E-01  7.5237E-01 -5.6573E-01  3.2761E-02 -6.4246E-01
  101.00  6.4391E-02 -3.6076E-01  7.5095E-01 -5.8253E-01  2.7287E-02 -6.5783E-01
  102.00  6.4348E-02 -3.4157E-01  7.4958E-01 -5.9784E-01  2.0912E-02 -6.7162E-01
  103.00  6.4288E-02 -3.2308E-01  7.4827E-01 -6.1174E-01  1.3788E-02 -6.8389E-01
  104.00  6.4211E-02 -3.0540E-01  7.4702E-01 -6.2428E-01  6.0629E-03 -6.9470E-01
  105.00  6.4120E-02 -2.8858E-01  7.4585E-01 -6.3554E-01 -2.1207E-03 -7.0413E-01
  106.00  6.4016E-02 -2.7269E-01  7.4476E-01 -6.4560E-01 -1.0625E-02 -7.1224E-01
  107.00  6.3901E-02 -2.5778E-01  7.4376E-01 -6.5455E-01 -1.9320E-02 -7.1913E-01
  108.00  6.3776E-02 -2.4386E-01  7.4288E-01 -6.6248E-01 -2.8082E-02 -7.2488E-01
  109.00  6.3645E-02 -2.3096E-01  7.4210E-01 -6.6947E-01 -3.6796E-02 -7.2959E-01
  110.00  6.3509E-02 -2.1908E-01  7.4146E-01 -6.7564E-01 -4.5354E-02 -7.3334E-01
  111.00  6.3372E-02 -2.0821E-01  7.4095E-01 -6.8105E-01 -5.3658E-02 -7.3624E-01
  112.00  6.3234E-02 -1.9832E-01  7.4059E-01 -6.8581E-01 -6.1621E-02 -7.3836E-01
  113.00  6.3100E-02 -1.8938E-01  7.4038E-01 -6.9001E-01 -6.9161E-02 -7.3980E-01
  114.00  6.2970E-02 -1.8136E-01  7.4035E-01 -6.9373E-01 -7.6211E-02 -7.4065E-01
  115.00  6.2849E-02 -1.7421E-01  7.4049E-01 -6.9706E-01 -8.2710E-02 -7.4098E-01
  116.00  6.2738E-02 -1.6787E-01  7.4081E-01 -7.0006E-01 -8.8608E-02 -7.4089E-01
  117.00  6.2639E-02 -1.6229E-01  7.4133E-01 -7.0281E-01 -9.3866E-02 -7.4045E-01
  118.00  6.2554E-02 -1.5741E-01  7.4204E-01 -7.0538E-01 -9.8456E-02 -7.3972E-01
  119.00  6.2485E-02 -1.5315E-01  7.4295E-01 -7.0783E-01 -1.0236E-01 -7.3878E-01
  120.00  6.2435E-02 -1.4946E-01  7.4406E-01 -7.1021E-01 -1.0556E-01 -7.3768E-01
  121.00  6.2403E-02 -1.4626E-01  7.4537E-01 -7.1258E-01 -1.0806E-01 -7.3649E-01
  122.00  6.2392E-02 -1.4349E-01  7.4688E-01 -7.1497E-01 -1.0987E-01 -7.3525E-01
  123.00  6.2403E-02 -1.4107E-01  7.4859E-01 -7.1741E-01 -1.1100E-01 -7.3400E-01
  124.00  6.2436E-02 -1.3896E-01  7.5049E-01 -7.1995E-01 -1.1148E-01 -7.3279E-01
  125.00  6.2491E-02 -1.3708E-01  7.5257E-01 -7.2261E-01 -1.1134E-01 -7.3164E-01
  126.00  6.2570E-02 -1.3538E-01  7.5483E-01 -7.2540E-01 -1.1061E-01 -7.3059E-01
  127.00  6.2672E-02 -1.3380E-01  7.5726E-01 -7.2833E-01 -1.0932E-01 -7.2965E-01
  128.00  6.2797E-02 -1.3230E-01  7.5985E-01 -7.3142E-01 -1.0754E-01 -7.2885E-01
  129.00  6.2945E-02 -1.3083E-01  7.6257E-01 -7.3467E-01 -1.0530E-01 -7.2820E-01
  130.00  6.3115E-02 -1.2935E-01  7.6543E-01 -7.3808E-01 -1.0264E-01 -7.2770E-01
  131.00  6.3307E-02 -1.2783E-01  7.6841E-01 -7.4164E-01 -9.9631E-02 -7.2735E-01
  132.00  6.3520E-02 -1.2623E-01  7.7149E-01 -7.4535E-01 -9.6311E-02 -7.2717E-01
  133.00  6.3752E-02 -1.2454E-01  7.7467E-01 -7.4919E-01 -9.2732E-02 -7.2714E-01
  134.00  6.4003E-02 -1.2273E-01  7.7791E-01 -7.5316E-01 -8.8941E-02 -7.2726E-01
  135.00  6.4272E-02 -1.2080E-01  7.8122E-01 -7.5724E-01 -8.4987E-02 -7.2751E-01
  136.00  6.4557E-02 -1.1872E-01  7.8457E-01 -7.6141E-01 -8.0914E-02 -7.2790E-01
  137.00  6.4857E-02 -1.1649E-01  7.8796E-01 -7.6567E-01 -7.6763E-02 -7.2841E-01
  138.00  6.5171E-02 -1.1411E-01  7.9137E-01 -7.6998E-01 -7.2572E-02 -7.2903E-01
  139.00  6.5497E-02 -1.1157E-01  7.9478E-01 -7.7434E-01 -6.8379E-02 -7.2974E-01
  140.00  6.5835E-02 -1.0889E-01  7.9819E-01 -7.7873E-01 -6.4214E-02 -7.3053E-01
  141.00  6.6182E-02 -1.0606E-01  8.0159E-01 -7.8312E-01 -6.0106E-02 -7.3138E-01
  142.00  6.6537E-02 -1.0309E-01  8.0495E-01 -7.8751E-01 -5.6080E-02 -7.3228E-01
  143.00  6.6899E-02 -9.9993E-02  8.0828E-01 -7.9187E-01 -5.2159E-02 -7.3322E-01
  144.00  6.7267E-02 -9.6773E-02  8.1157E-01 -7.9620E-01 -4.8360E-02 -7.3419E-01
  145.00  6.7640E-02 -9.3443E-02  8.1480E-01 -8.0047E-01 -4.4698E-02 -7.3516E-01
  146.00  6.8015E-02 -9.0014E-02  8.1798E-01 -8.0467E-01 -4.1186E-02 -7.3613E-01
  147.00  6.8393E-02 -8.6498E-02  8.2109E-01 -8.0879E-01 -3.7834E-02 -7.3709E-01
  148.00  6.8771E-02 -8.2908E-02  8.2412E-01 -8.1282E-01 -3.4647E-02 -7.3803E-01
  149.00  6.9149E-02 -7.9257E-02  8.2708E-01 -8.1675E-01 -3.1632E-02 -7.3894E-01
  150.00  6.9527E-02 -7.5558E-02  8.2996E-01 -8.2056E-01 -2.8789E-02 -7.3980E-01
  151.00  6.9902E-02 -7.1824E-02  8.3275E-01 -8.2425E-01 -2.6119E-02 -7.4062E-01
  152.00  7.0273E-02 -6.8068E-02  8.3546E-01 -8.2782E-01 -2.3621E-02 -7.4139E-01
  153.00  7.0641E-02 -6.4304E-02  8.3807E-01 -8.3125E-01 -2.1293E-02 -7.4210E-01
  154.00  7.1004E-02 -6.0543E-02  8.4060E-01 -8.3455E-01 -1.9131E-02 -7.4275E-01
  155.00  7.1361E-02 -5.6799E-02  8.4302E-01 -8.3770E-01 -1.7130E-02 -7.4334E-01
  156.00  7.1712E-02 -5.3085E-02  8.4536E-01 -8.4070E-01 -1.5283E-02 -7.4386E-01
  157.00  7.2056E-02 -4.9412E-02  8.4759E-01 -8.4356E-01 -1.3585E-02 -7.4432E-01
  158.00  7.2391E-02 -4.5793E-02  8.4973E-01 -8.4626E-01 -1.2029E-02 -7.4472E-01
  159.00  7.2718E-02 -4.2240E-02  8.5177E-01 -8.4882E-01 -1.0608E-02 -7.4505E-01
  160.00  7.3035E-02 -3.8763E-02  8.5372E-01 -8.5123E-01 -9.3139E-03 -7.4532E-01
  161.00  7.3342E-02 -3.5375E-02  8.5556E-01 -8.5349E-01 -8.1391E-03 -7.4553E-01
  162.00  7.3639E-02 -3.2087E-02  8.5731E-01 -8.5560E-01 -7.0763E-03 -7.4569E-01
  163.00  7.3924E-02 -2.8908E-02  8.5896E-01 -8.5757E-01 -6.1180E-03 -7.4580E-01
  164.00  7.4196E-02 -2.5850E-02  8.6051E-01 -8.5940E-01 -5.2566E-03 -7.4586E-01
  165.00  7.4456E-02 -2.2923E-02  8.6196E-01 -8.6109E-01 -4.4853E-03 -7.4588E-01
  166.00  7.4703E-02 -2.0135E-02  8.6332E-01 -8.6265E-01 -3.7970E-03 -7.4587E-01
  167.00  7.4936E-02 -1.7496E-02  8.6458E-01 -8.6407E-01 -3.1854E-03 -7.4583E-01
  168.00  7.5154E-02 -1.5016E-02  8.6574E-01 -8.6537E-01 -2.6442E-03 -7.4576E-01
  169.00  7.5357E-02 -1.2701E-02  8.6681E-01 -8.6655E-01 -2.1677E-03 -7.4567E-01
  170.00  7.5544E-02 -1.0561E-02  8.6779E-01 -8.6760E-01 -1.7506E-03 -7.4557E-01
  171.00  7.5715E-02 -8.6013E-03  8.6867E-01 -8.6854E-01 -1.3881E-03 -7.4546E-01
  172.00  7.5870E-02 -6.8296E-03  8.6945E-01 -8.6938E-01 -1.0756E-03 -7.4535E-01
  173.00  7.6007E-02 -5.2517E-03  8.7014E-01 -8.7010E-01 -8.0920E-04 -7.4524E-01
  174.00  7.6127E-02 -3.8730E-03  8.7074E-01 -8.7072E-01 -5.8542E-04 -7.4514E-01
  175.00  7.6229E-02 -2.6982E-03  8.7125E-01 -8.7124E-01 -4.0120E-04 -7.4504E-01
  176.00  7.6313E-02 -1.7313E-03  8.7166E-01 -8.7166E-01 -2.5397E-04 -7.4496E-01
  177.00  7.6378E-02 -9.7586E-04  8.7199E-01 -8.7198E-01 -1.4164E-04 -7.4489E-01
  178.00  7.6425E-02 -4.3435E-04  8.7221E-01 -8.7221E-01 -6.2562E-05 -7.4484E-01
  179.00  7.6454E-02 -1.0868E-04  8.7235E-01 -8.7235E-01 -1.5582E-05 -7.4481E-01
  180.00  7.6463E-02 -2.6943E-15  8.7240E-01 -8.7240E-01 -3.8571E-16 -7.4480E-01
