****************************************************
****************************************************
 mstm calculation results
 date, time:
20220920 095823.577 
 input file:
packed_cluster_20.inp
****************************************************
 input variables for run     1
 sphere data input file:
packed_cluster_20_config.pos
 number spheres
   20
 length, ref index scale factors
  1.2670000E+00  1.0400000E+00  1.8330000E+00
 volume cluster radius, area mean sphere radius, circumscribing radius, cross section radius
  3.4391627E+00  1.2670000E+00  5.3280502E+00  3.4391627E+00
 random orientation, estimated t matrix order:
    13
 layer 0 refractive index
  1.0000E+00  0.0000E+00
 number of plane boundaries 
  0
 max_iterations,solution_epsilon, mie_epsilon
     10000  1.0000E-06  1.0000E-06
 maximum Mie order, number of equations:
   5      1400
 mean sphere Mie extinction, absorption efficiencies
  3.4770E+00  1.6863E+00
****************************************************
 calculation results for run 
           1
 number iterations, error, solution time 
     0  0.0000E+00  4.4236E+00
 t matrix order:
    11
 total extinction, absorption, scattering efficiencies (unpolarized incidence)
  4.3477E+00  2.0785E+00  2.2692E+00
 total scattering
 number directions, number SM elements:
   181     6
   theta     11          12          22          33          34          44     
    0.00  6.2220E+00  0.0000E+00  9.9943E-01  9.9943E-01  0.0000E+00  9.9923E-01
    1.00  6.2087E+00 -2.8215E-04  9.9943E-01  9.9943E-01  2.6276E-04  9.9923E-01
    2.00  6.1692E+00 -1.1294E-03  9.9943E-01  9.9943E-01  1.0522E-03  9.9922E-01
    3.00  6.1039E+00 -2.5441E-03  9.9942E-01  9.9941E-01  2.3720E-03  9.9920E-01
    4.00  6.0135E+00 -4.5303E-03  9.9941E-01  9.9939E-01  4.2280E-03  9.9918E-01
    5.00  5.8989E+00 -7.0936E-03  9.9940E-01  9.9935E-01  6.6287E-03  9.9913E-01
    6.00  5.7616E+00 -1.0242E-02  9.9938E-01  9.9928E-01  9.5852E-03  9.9906E-01
    7.00  5.6030E+00 -1.3983E-02  9.9936E-01  9.9918E-01  1.3111E-02  9.9895E-01
    8.00  5.4248E+00 -1.8330E-02  9.9934E-01  9.9902E-01  1.7223E-02  9.9878E-01
    9.00  5.2290E+00 -2.3294E-02  9.9931E-01  9.9880E-01  2.1940E-02  9.9855E-01
   10.00  5.0177E+00 -2.8891E-02  9.9928E-01  9.9849E-01  2.7285E-02  9.9822E-01
   11.00  4.7929E+00 -3.5139E-02  9.9924E-01  9.9806E-01  3.3283E-02  9.9779E-01
   12.00  4.5570E+00 -4.2058E-02  9.9919E-01  9.9751E-01  3.9965E-02  9.9721E-01
   13.00  4.3124E+00 -4.9671E-02  9.9914E-01  9.9678E-01  4.7363E-02  9.9646E-01
   14.00  4.0613E+00 -5.8004E-02  9.9908E-01  9.9585E-01  5.5515E-02  9.9551E-01
   15.00  3.8062E+00 -6.7086E-02  9.9900E-01  9.9467E-01  6.4463E-02  9.9430E-01
   16.00  3.5492E+00 -7.6950E-02  9.9892E-01  9.9319E-01  7.4254E-02  9.9278E-01
   17.00  3.2925E+00 -8.7635E-02  9.9882E-01  9.9135E-01  8.4941E-02  9.9090E-01
   18.00  3.0384E+00 -9.9184E-02  9.9871E-01  9.8908E-01  9.6582E-02  9.8859E-01
   19.00  2.7887E+00 -1.1164E-01  9.9858E-01  9.8629E-01  1.0924E-01  9.8575E-01
   20.00  2.5451E+00 -1.2507E-01  9.9842E-01  9.8290E-01  1.2299E-01  9.8229E-01
   21.00  2.3095E+00 -1.3953E-01  9.9823E-01  9.7877E-01  1.3791E-01  9.7809E-01
   22.00  2.0830E+00 -1.5508E-01  9.9801E-01  9.7378E-01  1.5409E-01  9.7300E-01
   23.00  1.8671E+00 -1.7182E-01  9.9774E-01  9.6774E-01  1.7162E-01  9.6685E-01
   24.00  1.6627E+00 -1.8984E-01  9.9742E-01  9.6046E-01  1.9059E-01  9.5943E-01
   25.00  1.4707E+00 -2.0924E-01  9.9703E-01  9.5168E-01  2.1113E-01  9.5049E-01
   26.00  1.2917E+00 -2.3015E-01  9.9656E-01  9.4109E-01  2.3333E-01  9.3970E-01
   27.00  1.1260E+00 -2.5271E-01  9.9598E-01  9.2831E-01  2.5731E-01  9.2667E-01
   28.00  9.7389E-01 -2.7709E-01  9.9525E-01  9.1288E-01  2.8317E-01  9.1093E-01
   29.00  8.3543E-01 -3.0346E-01  9.9435E-01  8.9418E-01  3.1098E-01  8.9184E-01
   30.00  7.1046E-01 -3.3206E-01  9.9322E-01  8.7148E-01  3.4078E-01  8.6865E-01
   31.00  5.9870E-01 -3.6309E-01  9.9179E-01  8.4381E-01  3.7251E-01  8.4036E-01
   32.00  4.9972E-01 -3.9683E-01  9.8994E-01  8.0998E-01  4.0598E-01  8.0573E-01
   33.00  4.1296E-01 -4.3352E-01  9.8756E-01  7.6845E-01  4.4073E-01  7.6316E-01
   34.00  3.3779E-01 -4.7335E-01  9.8445E-01  7.1729E-01  4.7592E-01  7.1063E-01
   35.00  2.7346E-01 -5.1643E-01  9.8036E-01  6.5410E-01  5.0999E-01  6.4566E-01
   36.00  2.1920E-01 -5.6255E-01  9.7494E-01  5.7606E-01  5.4032E-01  5.6523E-01
   37.00  1.7416E-01 -6.1099E-01  9.6773E-01  4.8006E-01  5.6258E-01  4.6607E-01
   38.00  1.3749E-01 -6.6001E-01  9.5817E-01  3.6339E-01  5.6996E-01  3.4521E-01
   39.00  1.0831E-01 -7.0622E-01  9.4567E-01  2.2518E-01  5.5240E-01  2.0151E-01
   40.00  8.5763E-02 -7.4377E-01  9.2979E-01  6.9240E-02  4.9662E-01  3.8607E-02
   41.00  6.8994E-02 -7.6422E-01  9.1069E-01 -9.1822E-02  3.8868E-01 -1.3083E-01
   42.00  5.7190E-02 -7.5814E-01  8.8975E-01 -2.3344E-01  2.2107E-01 -2.8162E-01
   43.00  4.9576E-02 -7.1996E-01  8.6988E-01 -3.2255E-01  3.4177E-03 -3.7944E-01
   44.00  4.5425E-02 -6.5387E-01  8.5471E-01 -3.3229E-01 -2.3212E-01 -3.9579E-01
   45.00  4.4066E-02 -5.7464E-01  8.4680E-01 -2.5964E-01 -4.4190E-01 -3.2655E-01
   46.00  4.4889E-02 -5.0032E-01  8.4618E-01 -1.2808E-01 -5.9323E-01 -1.9519E-01
   47.00  4.7345E-02 -4.4335E-01  8.5087E-01  2.8146E-02 -6.7710E-01 -3.6838E-02
   48.00  5.0951E-02 -4.0773E-01  8.5831E-01  1.8112E-01 -7.0323E-01  1.1948E-01
   49.00  5.5286E-02 -3.9160E-01  8.6652E-01  3.1538E-01 -6.8819E-01  2.5742E-01
   50.00  5.9994E-02 -3.9083E-01  8.7429E-01  4.2554E-01 -6.4725E-01  3.7106E-01
   51.00  6.4777E-02 -4.0119E-01  8.8104E-01  5.1183E-01 -5.9158E-01  4.6039E-01
   52.00  6.9396E-02 -4.1923E-01  8.8657E-01  5.7683E-01 -5.2844E-01  5.2790E-01
   53.00  7.3663E-02 -4.4238E-01  8.9086E-01  6.2366E-01 -4.6219E-01  5.7669E-01
   54.00  7.7440E-02 -4.6877E-01  8.9400E-01  6.5516E-01 -3.9535E-01  6.0966E-01
   55.00  8.0630E-02 -4.9706E-01  8.9608E-01  6.7372E-01 -3.2928E-01  6.2923E-01
   56.00  8.3176E-02 -5.2628E-01  8.9719E-01  6.8118E-01 -2.6473E-01  6.3729E-01
   57.00  8.5051E-02 -5.5567E-01  8.9742E-01  6.7898E-01 -2.0207E-01  6.3530E-01
   58.00  8.6258E-02 -5.8464E-01  8.9683E-01  6.6817E-01 -1.4150E-01  6.2436E-01
   59.00  8.6820E-02 -6.1266E-01  8.9547E-01  6.4956E-01 -8.3174E-02  6.0530E-01
   60.00  8.6779E-02 -6.3929E-01  8.9339E-01  6.2376E-01 -2.7233E-02  5.7874E-01
   61.00  8.6188E-02 -6.6407E-01  8.9059E-01  5.9126E-01  2.6146E-02  5.4519E-01
   62.00  8.5113E-02 -6.8660E-01  8.8711E-01  5.5246E-01  7.6726E-02  5.0506E-01
   63.00  8.3621E-02 -7.0647E-01  8.8295E-01  5.0774E-01  1.2421E-01  4.5873E-01
   64.00  8.1785E-02 -7.2328E-01  8.7811E-01  4.5748E-01  1.6821E-01  4.0660E-01
   65.00  7.9676E-02 -7.3665E-01  8.7261E-01  4.0210E-01  2.0831E-01  3.4909E-01
   66.00  7.7362E-02 -7.4624E-01  8.6646E-01  3.4210E-01  2.4401E-01  2.8670E-01
   67.00  7.4909E-02 -7.5174E-01  8.5965E-01  2.7807E-01  2.7478E-01  2.2003E-01
   68.00  7.2377E-02 -7.5294E-01  8.5223E-01  2.1071E-01  3.0006E-01  1.4980E-01
   69.00  6.9819E-02 -7.4968E-01  8.4420E-01  1.4086E-01  3.1933E-01  7.6855E-02
   70.00  6.7284E-02 -7.4193E-01  8.3562E-01  6.9451E-02  3.3210E-01  2.1678E-03
   71.00  6.4812E-02 -7.2981E-01  8.2654E-01 -2.4251E-03  3.3796E-01 -7.3160E-02
   72.00  6.2436E-02 -7.1355E-01  8.1703E-01 -7.3605E-02  3.3664E-01 -1.4793E-01
   73.00  6.0183E-02 -6.9357E-01  8.0717E-01 -1.4286E-01  3.2803E-01 -2.2086E-01
   74.00  5.8076E-02 -6.7042E-01  7.9707E-01 -2.0894E-01  3.1223E-01 -2.9066E-01
   75.00  5.6129E-02 -6.4482E-01  7.8683E-01 -2.7063E-01  2.8956E-01 -3.5608E-01
   76.00  5.4352E-02 -6.1759E-01  7.7659E-01 -3.2684E-01  2.6058E-01 -4.1596E-01
   77.00  5.2752E-02 -5.8965E-01  7.6647E-01 -3.7662E-01  2.2611E-01 -4.6929E-01
   78.00  5.1331E-02 -5.6195E-01  7.5660E-01 -4.1926E-01  1.8716E-01 -5.1531E-01
   79.00  5.0089E-02 -5.3543E-01  7.4712E-01 -4.5429E-01  1.4493E-01 -5.5349E-01
   80.00  4.9022E-02 -5.1097E-01  7.3815E-01 -4.8154E-01  1.0074E-01 -5.8363E-01
   81.00  4.8125E-02 -4.8931E-01  7.2979E-01 -5.0115E-01  5.5964E-02 -6.0580E-01
   82.00  4.7391E-02 -4.7105E-01  7.2213E-01 -5.1354E-01  1.1983E-02 -6.2040E-01
   83.00  4.6812E-02 -4.5660E-01  7.1526E-01 -5.1937E-01 -2.9915E-02 -6.2806E-01
   84.00  4.6381E-02 -4.4616E-01  7.0922E-01 -5.1951E-01 -6.8573E-02 -6.2963E-01
   85.00  4.6088E-02 -4.3972E-01  7.0406E-01 -5.1498E-01 -1.0302E-01 -6.2611E-01
   86.00  4.5925E-02 -4.3710E-01  6.9977E-01 -5.0687E-01 -1.3250E-01 -6.1861E-01
   87.00  4.5883E-02 -4.3793E-01  6.9636E-01 -4.9629E-01 -1.5649E-01 -6.0825E-01
   88.00  4.5954E-02 -4.4171E-01  6.9381E-01 -4.8435E-01 -1.7471E-01 -5.9613E-01
   89.00  4.6129E-02 -4.4787E-01  6.9208E-01 -4.7202E-01 -1.8708E-01 -5.8326E-01
   90.00  4.6399E-02 -4.5576E-01  6.9113E-01 -4.6021E-01 -1.9376E-01 -5.7056E-01
   91.00  4.6758E-02 -4.6470E-01  6.9091E-01 -4.4965E-01 -1.9505E-01 -5.5880E-01
   92.00  4.7198E-02 -4.7405E-01  6.9137E-01 -4.4095E-01 -1.9141E-01 -5.4859E-01
   93.00  4.7710E-02 -4.8319E-01  6.9243E-01 -4.3453E-01 -1.8339E-01 -5.4042E-01
   94.00  4.8289E-02 -4.9157E-01  6.9403E-01 -4.3069E-01 -1.7162E-01 -5.3458E-01
   95.00  4.8927E-02 -4.9871E-01  6.9612E-01 -4.2958E-01 -1.5676E-01 -5.3128E-01
   96.00  4.9616E-02 -5.0422E-01  6.9863E-01 -4.3122E-01 -1.3949E-01 -5.3055E-01
   97.00  5.0351E-02 -5.0781E-01  7.0150E-01 -4.3555E-01 -1.2047E-01 -5.3236E-01
   98.00  5.1123E-02 -5.0927E-01  7.0466E-01 -4.4240E-01 -1.0033E-01 -5.3656E-01
   99.00  5.1927E-02 -5.0848E-01  7.0807E-01 -4.5155E-01 -7.9638E-02 -5.4296E-01
  100.00  5.2755E-02 -5.0539E-01  7.1167E-01 -4.6274E-01 -5.8925E-02 -5.5132E-01
  101.00  5.3600E-02 -5.0003E-01  7.1542E-01 -4.7567E-01 -3.8643E-02 -5.6136E-01
  102.00  5.4457E-02 -4.9248E-01  7.1927E-01 -4.9004E-01 -1.9177E-02 -5.7278E-01
  103.00  5.5317E-02 -4.8289E-01  7.2319E-01 -5.0553E-01 -8.4431E-04 -5.8529E-01
  104.00  5.6176E-02 -4.7142E-01  7.2714E-01 -5.2185E-01  1.6102E-02 -5.9861E-01
  105.00  5.7027E-02 -4.5828E-01  7.3109E-01 -5.3871E-01  3.1473E-02 -6.1246E-01
  106.00  5.7863E-02 -4.4367E-01  7.3502E-01 -5.5587E-01  4.5136E-02 -6.2659E-01
  107.00  5.8680E-02 -4.2784E-01  7.3890E-01 -5.7307E-01  5.7011E-02 -6.4077E-01
  108.00  5.9473E-02 -4.1101E-01  7.4272E-01 -5.9012E-01  6.7061E-02 -6.5480E-01
  109.00  6.0236E-02 -3.9342E-01  7.4646E-01 -6.0685E-01  7.5289E-02 -6.6851E-01
  110.00  6.0966E-02 -3.7529E-01  7.5012E-01 -6.2310E-01  8.1733E-02 -6.8175E-01
  111.00  6.1660E-02 -3.5683E-01  7.5368E-01 -6.3875E-01  8.6455E-02 -6.9440E-01
  112.00  6.2314E-02 -3.3824E-01  7.5714E-01 -6.5371E-01  8.9541E-02 -7.0636E-01
  113.00  6.2927E-02 -3.1970E-01  7.6049E-01 -6.6791E-01  9.1093E-02 -7.1756E-01
  114.00  6.3496E-02 -3.0138E-01  7.6374E-01 -6.8130E-01  9.1228E-02 -7.2795E-01
  115.00  6.4022E-02 -2.8343E-01  7.6689E-01 -6.9385E-01  9.0072E-02 -7.3750E-01
  116.00  6.4503E-02 -2.6599E-01  7.6994E-01 -7.0555E-01  8.7754E-02 -7.4619E-01
  117.00  6.4941E-02 -2.4916E-01  7.7290E-01 -7.1640E-01  8.4412E-02 -7.5402E-01
  118.00  6.5336E-02 -2.3303E-01  7.7577E-01 -7.2640E-01  8.0182E-02 -7.6100E-01
  119.00  6.5690E-02 -2.1770E-01  7.7855E-01 -7.3560E-01  7.5198E-02 -7.6714E-01
  120.00  6.6005E-02 -2.0322E-01  7.8126E-01 -7.4402E-01  6.9596E-02 -7.7249E-01
  121.00  6.6284E-02 -1.8963E-01  7.8391E-01 -7.5170E-01  6.3505E-02 -7.7707E-01
  122.00  6.6530E-02 -1.7698E-01  7.8650E-01 -7.5868E-01  5.7049E-02 -7.8094E-01
  123.00  6.6745E-02 -1.6527E-01  7.8903E-01 -7.6503E-01  5.0347E-02 -7.8413E-01
  124.00  6.6935E-02 -1.5451E-01  7.9153E-01 -7.7078E-01  4.3512E-02 -7.8670E-01
  125.00  6.7102E-02 -1.4470E-01  7.9400E-01 -7.7600E-01  3.6648E-02 -7.8871E-01
  126.00  6.7250E-02 -1.3582E-01  7.9644E-01 -7.8074E-01  2.9851E-02 -7.9020E-01
  127.00  6.7383E-02 -1.2783E-01  7.9886E-01 -7.8505E-01  2.3209E-02 -7.9124E-01
  128.00  6.7507E-02 -1.2070E-01  8.0128E-01 -7.8899E-01  1.6799E-02 -7.9187E-01
  129.00  6.7623E-02 -1.1438E-01  8.0370E-01 -7.9261E-01  1.0690E-02 -7.9216E-01
  130.00  6.7737E-02 -1.0882E-01  8.0611E-01 -7.9596E-01  4.9406E-03 -7.9215E-01
  131.00  6.7851E-02 -1.0397E-01  8.0854E-01 -7.9909E-01 -4.0057E-04 -7.9189E-01
  132.00  6.7970E-02 -9.9756E-02  8.1098E-01 -8.0203E-01 -5.2949E-03 -7.9144E-01
  133.00  6.8096E-02 -9.6120E-02  8.1343E-01 -8.0484E-01 -9.7136E-03 -7.9084E-01
  134.00  6.8232E-02 -9.2991E-02  8.1590E-01 -8.0753E-01 -1.3638E-02 -7.9012E-01
  135.00  6.8381E-02 -9.0303E-02  8.1838E-01 -8.1015E-01 -1.7057E-02 -7.8932E-01
  136.00  6.8544E-02 -8.7988E-02  8.2088E-01 -8.1273E-01 -1.9970E-02 -7.8848E-01
  137.00  6.8724E-02 -8.5979E-02  8.2340E-01 -8.1528E-01 -2.2385E-02 -7.8763E-01
  138.00  6.8923E-02 -8.4214E-02  8.2592E-01 -8.1782E-01 -2.4314E-02 -7.8680E-01
  139.00  6.9140E-02 -8.2631E-02  8.2846E-01 -8.2037E-01 -2.5779E-02 -7.8599E-01
  140.00  6.9378E-02 -8.1175E-02  8.3100E-01 -8.2293E-01 -2.6805E-02 -7.8523E-01
  141.00  6.9636E-02 -7.9795E-02  8.3354E-01 -8.2552E-01 -2.7423E-02 -7.8454E-01
  142.00  6.9914E-02 -7.8444E-02  8.3608E-01 -8.2814E-01 -2.7667E-02 -7.8391E-01
  143.00  7.0213E-02 -7.7081E-02  8.3860E-01 -8.3079E-01 -2.7574E-02 -7.8337E-01
  144.00  7.0531E-02 -7.5672E-02  8.4112E-01 -8.3346E-01 -2.7181E-02 -7.8290E-01
  145.00  7.0868E-02 -7.4187E-02  8.4360E-01 -8.3615E-01 -2.6529E-02 -7.8251E-01
  146.00  7.1223E-02 -7.2603E-02  8.4607E-01 -8.3885E-01 -2.5655E-02 -7.8220E-01
  147.00  7.1595E-02 -7.0903E-02  8.4850E-01 -8.4156E-01 -2.4598E-02 -7.8197E-01
  148.00  7.1982E-02 -6.9073E-02  8.5089E-01 -8.4427E-01 -2.3395E-02 -7.8180E-01
  149.00  7.2384E-02 -6.7105E-02  8.5323E-01 -8.4697E-01 -2.2079E-02 -7.8170E-01
  150.00  7.2797E-02 -6.4998E-02  8.5553E-01 -8.4964E-01 -2.0685E-02 -7.8165E-01
  151.00  7.3221E-02 -6.2751E-02  8.5778E-01 -8.5228E-01 -1.9241E-02 -7.8164E-01
  152.00  7.3653E-02 -6.0369E-02  8.5996E-01 -8.5487E-01 -1.7773E-02 -7.8167E-01
  153.00  7.4092E-02 -5.7861E-02  8.6209E-01 -8.5741E-01 -1.6306E-02 -7.8173E-01
  154.00  7.4536E-02 -5.5236E-02  8.6415E-01 -8.5989E-01 -1.4859E-02 -7.8181E-01
  155.00  7.4982E-02 -5.2508E-02  8.6614E-01 -8.6230E-01 -1.3451E-02 -7.8191E-01
  156.00  7.5430E-02 -4.9692E-02  8.6806E-01 -8.6463E-01 -1.2095E-02 -7.8201E-01
  157.00  7.5876E-02 -4.6803E-02  8.6991E-01 -8.6687E-01 -1.0803E-02 -7.8210E-01
  158.00  7.6319E-02 -4.3860E-02  8.7168E-01 -8.6902E-01 -9.5837E-03 -7.8220E-01
  159.00  7.6757E-02 -4.0881E-02  8.7338E-01 -8.7106E-01 -8.4437E-03 -7.8228E-01
  160.00  7.7189E-02 -3.7884E-02  8.7499E-01 -8.7301E-01 -7.3869E-03 -7.8234E-01
  161.00  7.7612E-02 -3.4888E-02  8.7653E-01 -8.7486E-01 -6.4155E-03 -7.8239E-01
  162.00  7.8024E-02 -3.1913E-02  8.7799E-01 -8.7659E-01 -5.5299E-03 -7.8242E-01
  163.00  7.8425E-02 -2.8977E-02  8.7937E-01 -8.7822E-01 -4.7290E-03 -7.8243E-01
  164.00  7.8812E-02 -2.6099E-02  8.8067E-01 -8.7974E-01 -4.0103E-03 -7.8242E-01
  165.00  7.9184E-02 -2.3297E-02  8.8189E-01 -8.8115E-01 -3.3706E-03 -7.8239E-01
  166.00  7.9539E-02 -2.0589E-02  8.8303E-01 -8.8245E-01 -2.8057E-03 -7.8234E-01
  167.00  7.9876E-02 -1.7990E-02  8.8409E-01 -8.8365E-01 -2.3109E-03 -7.8227E-01
  168.00  8.0193E-02 -1.5518E-02  8.8507E-01 -8.8474E-01 -1.8811E-03 -7.8220E-01
  169.00  8.0490E-02 -1.3186E-02  8.8596E-01 -8.8573E-01 -1.5108E-03 -7.8211E-01
  170.00  8.0765E-02 -1.1008E-02  8.8678E-01 -8.8662E-01 -1.1947E-03 -7.8201E-01
  171.00  8.1017E-02 -8.9984E-03  8.8752E-01 -8.8741E-01 -9.2739E-04 -7.8191E-01
  172.00  8.1246E-02 -7.1678E-03  8.8818E-01 -8.8811E-01 -7.0378E-04 -7.8181E-01
  173.00  8.1449E-02 -5.5271E-03  8.8876E-01 -8.8872E-01 -5.1897E-04 -7.8171E-01
  174.00  8.1628E-02 -4.0858E-03  8.8927E-01 -8.8925E-01 -3.6848E-04 -7.8162E-01
  175.00  8.1779E-02 -2.8522E-03  8.8969E-01 -8.8968E-01 -2.4829E-04 -7.8153E-01
  176.00  8.1905E-02 -1.8331E-03  8.9004E-01 -8.9004E-01 -1.5489E-04 -7.8146E-01
  177.00  8.2002E-02 -1.0345E-03  8.9031E-01 -8.9031E-01 -8.5357E-05 -7.8140E-01
  178.00  8.2072E-02 -4.6087E-04  8.9050E-01 -8.9050E-01 -3.7372E-05 -7.8135E-01
  179.00  8.2115E-02 -1.1538E-04  8.9062E-01 -8.9062E-01 -9.2582E-06 -7.8133E-01
  180.00  8.2129E-02 -2.8609E-15  8.9066E-01 -8.9066E-01 -2.2875E-16 -7.8132E-01
 random orientation scattering matrix expansion coefficients
    n       11          12          13          14          22          23          24          33          34          44
    0  1.0000E+00  0.0000E+00  0.0000E+00 -2.4053E-04  0.0000E+00  0.0000E+00  0.0000E+00  0.0000E+00  0.0000E+00  6.5805E-01
    1  2.1152E+00  0.0000E+00  0.0000E+00 -1.1153E-03  0.0000E+00  0.0000E+00  0.0000E+00  0.0000E+00  0.0000E+00  2.3028E+00
    2  3.2273E+00 -2.6901E-01 -4.4220E-04 -1.7453E-03  3.2689E-01  1.2666E-05 -2.7219E-04  3.7368E+00  5.7389E-02  3.1617E+00
    3  3.7381E+00 -2.5154E-01  6.1879E-04 -1.0025E-03  7.6061E-02  2.5839E-05  1.9040E-04  4.1891E+00  1.3586E-01  3.7020E+00
    4  3.8254E+00 -3.0414E-01 -1.6943E-04 -2.0155E-03  5.8280E-02  1.8097E-06  7.1590E-04  4.2781E+00  2.5115E-01  3.8480E+00
    5  3.5458E+00 -3.7716E-01  5.8053E-04 -1.9004E-03  6.0601E-02 -4.7499E-06 -3.9792E-04  3.9883E+00  3.7621E-01  3.6068E+00
    6  2.9603E+00 -4.3060E-01  2.2631E-04 -1.3483E-03  6.3070E-02 -1.2283E-05 -3.9347E-04  3.3793E+00  4.8924E-01  3.0488E+00
    7  2.1179E+00 -4.8889E-01 -2.5456E-05 -1.0398E-03  5.0689E-02 -1.9486E-05 -1.8336E-04  2.5271E+00  6.2048E-01  2.2792E+00
    8  1.2919E+00 -5.4245E-01  6.5041E-04 -3.8780E-04  9.8675E-02 -8.9773E-06 -4.4815E-04  1.5788E+00  5.9370E-01  1.3723E+00
    9  6.6611E-01 -4.3411E-01  6.7572E-04 -7.8752E-05  1.2423E-01 -2.2454E-06 -3.4394E-04  7.8068E-01  3.7026E-01  6.1812E-01
   10  2.7908E-01 -2.3354E-01  3.0724E-04 -5.2222E-05  8.4665E-02 -5.8925E-07 -9.6582E-05  3.0028E-01  1.5487E-01  2.0686E-01
   11  9.2070E-02 -8.7889E-02  8.5756E-05 -3.3936E-05  3.6254E-02 -1.1719E-07  2.3299E-06  9.0168E-02  4.6390E-02  5.2736E-02
   12  2.3948E-02 -2.4493E-02  1.6068E-05 -1.1132E-05  1.0944E-02 -5.5027E-09  6.9809E-06  2.1509E-02  1.0446E-02  1.0512E-02
   13  4.9297E-03 -5.2214E-03  2.1481E-06 -1.9614E-06  2.4545E-03  2.5048E-09  1.6502E-06  4.1181E-03  1.8545E-03  1.6822E-03
   14  8.2213E-04 -8.8626E-04  2.0380E-07 -2.2009E-07  4.3136E-04  3.9378E-10  2.1287E-07  6.4686E-04  2.6924E-04  2.2154E-04
   15  1.1375E-04 -1.2367E-04  1.2565E-08 -2.1833E-08  6.1725E-05  3.5570E-11  2.3353E-08  8.5154E-05  3.2839E-05  2.4506E-05
   16  1.3329E-05 -1.4546E-05  7.3024E-10 -2.0535E-09  7.3978E-06  1.3589E-12  2.3074E-09  9.5677E-06  3.4172E-06  2.3074E-06
   17  1.3311E-06 -1.4544E-06  8.1415E-11 -8.5273E-11  7.5120E-07 -6.0536E-14  1.1124E-10  9.2099E-07  3.0360E-07  1.8327E-07
   18  1.1238E-07 -1.2271E-07  1.1326E-11  1.1539E-13  6.4223E-08 -1.5657E-14  9.1830E-13  7.5275E-08  2.3097E-08  1.2133E-08
   19  7.8659E-09 -8.5728E-09  7.8449E-13 -3.0280E-13  4.5346E-09 -9.9615E-16  3.0483E-13  5.1227E-09  1.4841E-09  6.5717E-10
   20  4.6592E-10 -5.0651E-10 -2.3670E-15 -3.9821E-14  2.7001E-10 -5.7260E-18  5.2058E-14  2.9631E-10  8.1857E-11  2.9582E-11
   21  2.0733E-11 -2.2479E-11 -4.8424E-15  2.3404E-15  1.2046E-11  1.9278E-17 -1.4548E-15  1.2924E-11  3.4224E-12  9.5121E-13
   22  6.8645E-13 -7.4295E-13 -1.4762E-16  1.4396E-16  4.0030E-13  1.0334E-18 -1.3303E-16  4.2157E-13  1.0852E-13  1.9240E-14
