****************************************************
****************************************************
 mstm calculation results
 date, time:
20220702 132850.110 
 input file:
ref_bisphere.inp
****************************************************
 input variables for run     1
 sphere data input file:
temp_pos.dat
 number spheres
    2
 length, ref index scale factors
  1.2670000E+00  1.0400000E+00  1.8330000E+00
 volume cluster radius, area mean sphere radius, circumscribing radius, cross section radius
  1.5963192E+00  1.2670000E+00  2.5340000E+00  1.5963192E+00
 random orientation, estimated t matrix order:
     9
 layer 0 refractive index
  1.0000E+00  0.0000E+00
 number of plane boundaries 
  0
 max_iterations,solution_epsilon, mie_epsilon
     10000  1.0000E-06  1.0000E-06
 maximum Mie order, number of equations:
   5       140
 mean sphere Mie extinction, absorption efficiencies
  3.4770E+00  1.6863E+00
****************************************************
 calculation results for run 
           1
 number iterations, error, solution time 
     0  0.0000E+00  5.3978E+00
 t matrix order:
     8
 total extinction, absorption, scattering efficiencies (unpolarized incidence)
  3.6808E+00  1.8480E+00  1.8328E+00
 total scattering
 number directions, number SM elements:
   181     6
   theta     11          12          22          33          34          44     
    0.00  1.2043E+00  0.0000E+00  9.8607E-01  9.8607E-01  0.0000E+00  9.7214E-01
    1.00  1.2037E+00 -1.9971E-04  9.8606E-01  9.8606E-01  1.0882E-04  9.7213E-01
    2.00  1.2019E+00 -7.9893E-04  9.8604E-01  9.8604E-01  4.3544E-04  9.7209E-01
    3.00  1.1988E+00 -1.7980E-03  9.8600E-01  9.8599E-01  9.8029E-04  9.7203E-01
    4.00  1.1945E+00 -3.1973E-03  9.8594E-01  9.8593E-01  1.7441E-03  9.7194E-01
    5.00  1.1889E+00 -4.9977E-03  9.8586E-01  9.8585E-01  2.7279E-03  9.7183E-01
    6.00  1.1822E+00 -7.1999E-03  9.8577E-01  9.8574E-01  3.9331E-03  9.7168E-01
    7.00  1.1744E+00 -9.8051E-03  9.8566E-01  9.8560E-01  5.3612E-03  9.7150E-01
    8.00  1.1653E+00 -1.2814E-02  9.8554E-01  9.8543E-01  7.0141E-03  9.7127E-01
    9.00  1.1552E+00 -1.6229E-02  9.8539E-01  9.8522E-01  8.8940E-03  9.7100E-01
   10.00  1.1440E+00 -2.0051E-02  9.8523E-01  9.8496E-01  1.1003E-02  9.7068E-01
   11.00  1.1318E+00 -2.4281E-02  9.8505E-01  9.8466E-01  1.3345E-02  9.7030E-01
   12.00  1.1186E+00 -2.8922E-02  9.8485E-01  9.8429E-01  1.5921E-02  9.6985E-01
   13.00  1.1044E+00 -3.3974E-02  9.8463E-01  9.8386E-01  1.8736E-02  9.6933E-01
   14.00  1.0894E+00 -3.9441E-02  9.8439E-01  9.8335E-01  2.1793E-02  9.6872E-01
   15.00  1.0735E+00 -4.5322E-02  9.8413E-01  9.8275E-01  2.5095E-02  9.6802E-01
   16.00  1.0568E+00 -5.1621E-02  9.8384E-01  9.8205E-01  2.8646E-02  9.6721E-01
   17.00  1.0393E+00 -5.8339E-02  9.8354E-01  9.8124E-01  3.2450E-02  9.6629E-01
   18.00  1.0211E+00 -6.5477E-02  9.8321E-01  9.8031E-01  3.6512E-02  9.6523E-01
   19.00  1.0023E+00 -7.3037E-02  9.8285E-01  9.7924E-01  4.0835E-02  9.6403E-01
   20.00  9.8297E-01 -8.1020E-02  9.8247E-01  9.7802E-01  4.5425E-02  9.6267E-01
   21.00  9.6308E-01 -8.9426E-02  9.8206E-01  9.7663E-01  5.0285E-02  9.6113E-01
   22.00  9.4272E-01 -9.8256E-02  9.8162E-01  9.7505E-01  5.5421E-02  9.5939E-01
   23.00  9.2196E-01 -1.0751E-01  9.8116E-01  9.7326E-01  6.0836E-02  9.5744E-01
   24.00  9.0086E-01 -1.1719E-01  9.8066E-01  9.7125E-01  6.6535E-02  9.5526E-01
   25.00  8.7946E-01 -1.2729E-01  9.8013E-01  9.6899E-01  7.2523E-02  9.5283E-01
   26.00  8.5783E-01 -1.3780E-01  9.7957E-01  9.6646E-01  7.8803E-02  9.5012E-01
   27.00  8.3603E-01 -1.4874E-01  9.7897E-01  9.6364E-01  8.5380E-02  9.4711E-01
   28.00  8.1411E-01 -1.6009E-01  9.7833E-01  9.6051E-01  9.2258E-02  9.4378E-01
   29.00  7.9212E-01 -1.7185E-01  9.7766E-01  9.5703E-01  9.9439E-02  9.4009E-01
   30.00  7.7012E-01 -1.8401E-01  9.7694E-01  9.5317E-01  1.0693E-01  9.3603E-01
   31.00  7.4815E-01 -1.9657E-01  9.7619E-01  9.4892E-01  1.1472E-01  9.3157E-01
   32.00  7.2627E-01 -2.0951E-01  9.7538E-01  9.4424E-01  1.2283E-01  9.2667E-01
   33.00  7.0452E-01 -2.2283E-01  9.7454E-01  9.3910E-01  1.3125E-01  9.2130E-01
   34.00  6.8295E-01 -2.3652E-01  9.7364E-01  9.3347E-01  1.3998E-01  9.1543E-01
   35.00  6.6159E-01 -2.5056E-01  9.7269E-01  9.2731E-01  1.4902E-01  9.0904E-01
   36.00  6.4049E-01 -2.6493E-01  9.7169E-01  9.2060E-01  1.5837E-01  9.0208E-01
   37.00  6.1968E-01 -2.7963E-01  9.7063E-01  9.1328E-01  1.6802E-01  8.9452E-01
   38.00  5.9919E-01 -2.9461E-01  9.6952E-01  9.0534E-01  1.7798E-01  8.8633E-01
   39.00  5.7907E-01 -3.0988E-01  9.6835E-01  8.9673E-01  1.8822E-01  8.7747E-01
   40.00  5.5933E-01 -3.2539E-01  9.6711E-01  8.8742E-01  1.9876E-01  8.6790E-01
   41.00  5.4000E-01 -3.4112E-01  9.6581E-01  8.7737E-01  2.0957E-01  8.5760E-01
   42.00  5.2111E-01 -3.5705E-01  9.6444E-01  8.6654E-01  2.2064E-01  8.4651E-01
   43.00  5.0268E-01 -3.7312E-01  9.6300E-01  8.5490E-01  2.3196E-01  8.3462E-01
   44.00  4.8472E-01 -3.8932E-01  9.6149E-01  8.4241E-01  2.4352E-01  8.2188E-01
   45.00  4.6725E-01 -4.0560E-01  9.5991E-01  8.2904E-01  2.5529E-01  8.0826E-01
   46.00  4.5028E-01 -4.2191E-01  9.5825E-01  8.1476E-01  2.6725E-01  7.9374E-01
   47.00  4.3382E-01 -4.3821E-01  9.5652E-01  7.9954E-01  2.7939E-01  7.7828E-01
   48.00  4.1789E-01 -4.5446E-01  9.5470E-01  7.8335E-01  2.9166E-01  7.6185E-01
   49.00  4.0248E-01 -4.7059E-01  9.5281E-01  7.6616E-01  3.0405E-01  7.4444E-01
   50.00  3.8760E-01 -4.8655E-01  9.5083E-01  7.4796E-01  3.1651E-01  7.2602E-01
   51.00  3.7325E-01 -5.0230E-01  9.4877E-01  7.2873E-01  3.2902E-01  7.0658E-01
   52.00  3.5943E-01 -5.1776E-01  9.4663E-01  7.0845E-01  3.4154E-01  6.8612E-01
   53.00  3.4614E-01 -5.3288E-01  9.4440E-01  6.8712E-01  3.5402E-01  6.6461E-01
   54.00  3.3337E-01 -5.4759E-01  9.4209E-01  6.6474E-01  3.6643E-01  6.4207E-01
   55.00  3.2112E-01 -5.6183E-01  9.3970E-01  6.4131E-01  3.7871E-01  6.1849E-01
   56.00  3.0939E-01 -5.7555E-01  9.3723E-01  6.1684E-01  3.9082E-01  5.9391E-01
   57.00  2.9815E-01 -5.8866E-01  9.3469E-01  5.9136E-01  4.0271E-01  5.6832E-01
   58.00  2.8741E-01 -6.0113E-01  9.3206E-01  5.6488E-01  4.1433E-01  5.4176E-01
   59.00  2.7715E-01 -6.1287E-01  9.2936E-01  5.3744E-01  4.2563E-01  5.1427E-01
   60.00  2.6737E-01 -6.2384E-01  9.2659E-01  5.0908E-01  4.3655E-01  4.8588E-01
   61.00  2.5804E-01 -6.3398E-01  9.2376E-01  4.7985E-01  4.4704E-01  4.5665E-01
   62.00  2.4916E-01 -6.4324E-01  9.2087E-01  4.4980E-01  4.5706E-01  4.2663E-01
   63.00  2.4072E-01 -6.5157E-01  9.1791E-01  4.1899E-01  4.6655E-01  3.9588E-01
   64.00  2.3269E-01 -6.5893E-01  9.1491E-01  3.8749E-01  4.7546E-01  3.6447E-01
   65.00  2.2507E-01 -6.6529E-01  9.1187E-01  3.5538E-01  4.8375E-01  3.3248E-01
   66.00  2.1783E-01 -6.7061E-01  9.0879E-01  3.2273E-01  4.9137E-01  3.0000E-01
   67.00  2.1098E-01 -6.7489E-01  9.0568E-01  2.8964E-01  4.9829E-01  2.6710E-01
   68.00  2.0448E-01 -6.7809E-01  9.0255E-01  2.5618E-01  5.0447E-01  2.3387E-01
   69.00  1.9833E-01 -6.8021E-01  8.9940E-01  2.2246E-01  5.0988E-01  2.0041E-01
   70.00  1.9251E-01 -6.8126E-01  8.9625E-01  1.8856E-01  5.1449E-01  1.6682E-01
   71.00  1.8701E-01 -6.8124E-01  8.9310E-01  1.5458E-01  5.1829E-01  1.3317E-01
   72.00  1.8182E-01 -6.8018E-01  8.8997E-01  1.2062E-01  5.2125E-01  9.9585E-02
   73.00  1.7691E-01 -6.7808E-01  8.8685E-01  8.6764E-02  5.2338E-01  6.6139E-02
   74.00  1.7227E-01 -6.7498E-01  8.8377E-01  5.3110E-02  5.2465E-01  3.2928E-02
   75.00  1.6790E-01 -6.7092E-01  8.8072E-01  1.9744E-02  5.2509E-01  4.0016E-05
   76.00  1.6378E-01 -6.6595E-01  8.7772E-01 -1.3250E-02  5.2469E-01 -3.2442E-02
   77.00  1.5990E-01 -6.6010E-01  8.7478E-01 -4.5791E-02  5.2347E-01 -6.4439E-02
   78.00  1.5624E-01 -6.5343E-01  8.7190E-01 -7.7806E-02  5.2145E-01 -9.5879E-02
   79.00  1.5279E-01 -6.4600E-01  8.6909E-01 -1.0923E-01  5.1865E-01 -1.2669E-01
   80.00  1.4954E-01 -6.3786E-01  8.6636E-01 -1.3999E-01  5.1509E-01 -1.5683E-01
   81.00  1.4649E-01 -6.2908E-01  8.6371E-01 -1.7005E-01  5.1082E-01 -1.8622E-01
   82.00  1.4362E-01 -6.1971E-01  8.6116E-01 -1.9935E-01  5.0586E-01 -2.1483E-01
   83.00  1.4091E-01 -6.0983E-01  8.5870E-01 -2.2785E-01  5.0025E-01 -2.4262E-01
   84.00  1.3837E-01 -5.9949E-01  8.5635E-01 -2.5553E-01  4.9403E-01 -2.6956E-01
   85.00  1.3599E-01 -5.8875E-01  8.5410E-01 -2.8235E-01  4.8724E-01 -2.9562E-01
   86.00  1.3375E-01 -5.7768E-01  8.5197E-01 -3.0829E-01  4.7993E-01 -3.2079E-01
   87.00  1.3164E-01 -5.6633E-01  8.4996E-01 -3.3335E-01  4.7214E-01 -3.4505E-01
   88.00  1.2967E-01 -5.5476E-01  8.4807E-01 -3.5752E-01  4.6392E-01 -3.6840E-01
   89.00  1.2782E-01 -5.4302E-01  8.4630E-01 -3.8079E-01  4.5531E-01 -3.9084E-01
   90.00  1.2608E-01 -5.3117E-01  8.4466E-01 -4.0318E-01  4.4635E-01 -4.1237E-01
   91.00  1.2446E-01 -5.1924E-01  8.4314E-01 -4.2469E-01  4.3709E-01 -4.3302E-01
   92.00  1.2294E-01 -5.0728E-01  8.4176E-01 -4.4533E-01  4.2758E-01 -4.5278E-01
   93.00  1.2152E-01 -4.9533E-01  8.4050E-01 -4.6512E-01  4.1784E-01 -4.7167E-01
   94.00  1.2019E-01 -4.8343E-01  8.3938E-01 -4.8409E-01  4.0792E-01 -4.8973E-01
   95.00  1.1895E-01 -4.7160E-01  8.3839E-01 -5.0225E-01  3.9786E-01 -5.0697E-01
   96.00  1.1780E-01 -4.5988E-01  8.3753E-01 -5.1963E-01  3.8769E-01 -5.2342E-01
   97.00  1.1673E-01 -4.4828E-01  8.3680E-01 -5.3626E-01  3.7745E-01 -5.3910E-01
   98.00  1.1573E-01 -4.3684E-01  8.3620E-01 -5.5217E-01  3.6717E-01 -5.5405E-01
   99.00  1.1480E-01 -4.2556E-01  8.3573E-01 -5.6737E-01  3.5688E-01 -5.6829E-01
  100.00  1.1395E-01 -4.1447E-01  8.3539E-01 -5.8192E-01  3.4660E-01 -5.8185E-01
  101.00  1.1316E-01 -4.0357E-01  8.3517E-01 -5.9582E-01  3.3636E-01 -5.9476E-01
  102.00  1.1243E-01 -3.9288E-01  8.3507E-01 -6.0912E-01  3.2619E-01 -6.0705E-01
  103.00  1.1176E-01 -3.8239E-01  8.3509E-01 -6.2184E-01  3.1609E-01 -6.1876E-01
  104.00  1.1115E-01 -3.7213E-01  8.3523E-01 -6.3401E-01  3.0610E-01 -6.2990E-01
  105.00  1.1059E-01 -3.6208E-01  8.3548E-01 -6.4567E-01  2.9623E-01 -6.4051E-01
  106.00  1.1009E-01 -3.5225E-01  8.3584E-01 -6.5683E-01  2.8649E-01 -6.5062E-01
  107.00  1.0963E-01 -3.4264E-01  8.3631E-01 -6.6752E-01  2.7690E-01 -6.6024E-01
  108.00  1.0923E-01 -3.3325E-01  8.3688E-01 -6.7777E-01  2.6747E-01 -6.6941E-01
  109.00  1.0886E-01 -3.2407E-01  8.3756E-01 -6.8760E-01  2.5820E-01 -6.7815E-01
  110.00  1.0854E-01 -3.1511E-01  8.3832E-01 -6.9704E-01  2.4911E-01 -6.8649E-01
  111.00  1.0827E-01 -3.0635E-01  8.3918E-01 -7.0611E-01  2.4020E-01 -6.9443E-01
  112.00  1.0803E-01 -2.9780E-01  8.4012E-01 -7.1482E-01  2.3148E-01 -7.0202E-01
  113.00  1.0783E-01 -2.8944E-01  8.4114E-01 -7.2320E-01  2.2295E-01 -7.0925E-01
  114.00  1.0766E-01 -2.8127E-01  8.4224E-01 -7.3127E-01  2.1461E-01 -7.1616E-01
  115.00  1.0753E-01 -2.7328E-01  8.4342E-01 -7.3904E-01  2.0648E-01 -7.2275E-01
  116.00  1.0743E-01 -2.6547E-01  8.4466E-01 -7.4652E-01  1.9854E-01 -7.2905E-01
  117.00  1.0737E-01 -2.5783E-01  8.4597E-01 -7.5374E-01  1.9081E-01 -7.3507E-01
  118.00  1.0733E-01 -2.5036E-01  8.4733E-01 -7.6071E-01  1.8327E-01 -7.4082E-01
  119.00  1.0733E-01 -2.4304E-01  8.4876E-01 -7.6743E-01  1.7594E-01 -7.4631E-01
  120.00  1.0735E-01 -2.3588E-01  8.5023E-01 -7.7393E-01  1.6880E-01 -7.5157E-01
  121.00  1.0740E-01 -2.2885E-01  8.5174E-01 -7.8020E-01  1.6186E-01 -7.5659E-01
  122.00  1.0747E-01 -2.2197E-01  8.5330E-01 -7.8627E-01  1.5512E-01 -7.6139E-01
  123.00  1.0757E-01 -2.1522E-01  8.5490E-01 -7.9214E-01  1.4857E-01 -7.6598E-01
  124.00  1.0769E-01 -2.0859E-01  8.5653E-01 -7.9781E-01  1.4221E-01 -7.7036E-01
  125.00  1.0783E-01 -2.0208E-01  8.5818E-01 -8.0331E-01  1.3604E-01 -7.7455E-01
  126.00  1.0799E-01 -1.9569E-01  8.5987E-01 -8.0862E-01  1.3006E-01 -7.7855E-01
  127.00  1.0818E-01 -1.8941E-01  8.6157E-01 -8.1376E-01  1.2425E-01 -7.8238E-01
  128.00  1.0838E-01 -1.8324E-01  8.6329E-01 -8.1874E-01  1.1863E-01 -7.8603E-01
  129.00  1.0860E-01 -1.7717E-01  8.6502E-01 -8.2355E-01  1.1318E-01 -7.8951E-01
  130.00  1.0884E-01 -1.7120E-01  8.6676E-01 -8.2821E-01  1.0790E-01 -7.9283E-01
  131.00  1.0910E-01 -1.6532E-01  8.6851E-01 -8.3272E-01  1.0279E-01 -7.9599E-01
  132.00  1.0937E-01 -1.5953E-01  8.7026E-01 -8.3708E-01  9.7845E-02 -7.9900E-01
  133.00  1.0966E-01 -1.5384E-01  8.7201E-01 -8.4130E-01  9.3062E-02 -8.0187E-01
  134.00  1.0996E-01 -1.4822E-01  8.7376E-01 -8.4537E-01  8.8439E-02 -8.0459E-01
  135.00  1.1027E-01 -1.4270E-01  8.7550E-01 -8.4931E-01  8.3970E-02 -8.0718E-01
  136.00  1.1060E-01 -1.3725E-01  8.7723E-01 -8.5311E-01  7.9653E-02 -8.0963E-01
  137.00  1.1093E-01 -1.3189E-01  8.7895E-01 -8.5678E-01  7.5485E-02 -8.1195E-01
  138.00  1.1128E-01 -1.2661E-01  8.8066E-01 -8.6032E-01  7.1462E-02 -8.1415E-01
  139.00  1.1164E-01 -1.2141E-01  8.8235E-01 -8.6373E-01  6.7582E-02 -8.1622E-01
  140.00  1.1201E-01 -1.1628E-01  8.8402E-01 -8.6702E-01  6.3840E-02 -8.1818E-01
  141.00  1.1238E-01 -1.1124E-01  8.8566E-01 -8.7018E-01  6.0236E-02 -8.2002E-01
  142.00  1.1277E-01 -1.0628E-01  8.8729E-01 -8.7322E-01  5.6764E-02 -8.2175E-01
  143.00  1.1315E-01 -1.0139E-01  8.8888E-01 -8.7614E-01  5.3423E-02 -8.2338E-01
  144.00  1.1355E-01 -9.6591E-02  8.9045E-01 -8.7894E-01  5.0209E-02 -8.2490E-01
  145.00  1.1395E-01 -9.1872E-02  8.9199E-01 -8.8162E-01  4.7121E-02 -8.2632E-01
  146.00  1.1436E-01 -8.7237E-02  8.9350E-01 -8.8419E-01  4.4154E-02 -8.2765E-01
  147.00  1.1476E-01 -8.2687E-02  8.9498E-01 -8.8665E-01  4.1307E-02 -8.2888E-01
  148.00  1.1518E-01 -7.8227E-02  8.9642E-01 -8.8900E-01  3.8576E-02 -8.3003E-01
  149.00  1.1559E-01 -7.3856E-02  8.9783E-01 -8.9125E-01  3.5959E-02 -8.3108E-01
  150.00  1.1600E-01 -6.9578E-02  8.9920E-01 -8.9338E-01  3.3455E-02 -8.3206E-01
  151.00  1.1641E-01 -6.5397E-02  9.0054E-01 -8.9542E-01  3.1059E-02 -8.3296E-01
  152.00  1.1682E-01 -6.1313E-02  9.0183E-01 -8.9735E-01  2.8770E-02 -8.3378E-01
  153.00  1.1723E-01 -5.7331E-02  9.0308E-01 -8.9918E-01  2.6585E-02 -8.3454E-01
  154.00  1.1763E-01 -5.3454E-02  9.0430E-01 -9.0092E-01  2.4503E-02 -8.3522E-01
  155.00  1.1803E-01 -4.9685E-02  9.0547E-01 -9.0256E-01  2.2520E-02 -8.3585E-01
  156.00  1.1843E-01 -4.6027E-02  9.0660E-01 -9.0412E-01  2.0634E-02 -8.3641E-01
  157.00  1.1882E-01 -4.2484E-02  9.0769E-01 -9.0558E-01  1.8844E-02 -8.3691E-01
  158.00  1.1920E-01 -3.9059E-02  9.0873E-01 -9.0696E-01  1.7147E-02 -8.3737E-01
  159.00  1.1957E-01 -3.5756E-02  9.0973E-01 -9.0825E-01  1.5542E-02 -8.3777E-01
  160.00  1.1994E-01 -3.2578E-02  9.1069E-01 -9.0946E-01  1.4025E-02 -8.3813E-01
  161.00  1.2029E-01 -2.9529E-02  9.1160E-01 -9.1059E-01  1.2596E-02 -8.3845E-01
  162.00  1.2063E-01 -2.6612E-02  9.1247E-01 -9.1165E-01  1.1252E-02 -8.3873E-01
  163.00  1.2096E-01 -2.3831E-02  9.1329E-01 -9.1263E-01  9.9911E-03 -8.3897E-01
  164.00  1.2128E-01 -2.1189E-02  9.1406E-01 -9.1355E-01  8.8124E-03 -8.3918E-01
  165.00  1.2158E-01 -1.8689E-02  9.1479E-01 -9.1439E-01  7.7138E-03 -8.3936E-01
  166.00  1.2187E-01 -1.6335E-02  9.1547E-01 -9.1517E-01  6.6939E-03 -8.3952E-01
  167.00  1.2214E-01 -1.4128E-02  9.1610E-01 -9.1588E-01  5.7510E-03 -8.3965E-01
  168.00  1.2239E-01 -1.2073E-02  9.1669E-01 -9.1653E-01  4.8838E-03 -8.3976E-01
  169.00  1.2263E-01 -1.0172E-02  9.1723E-01 -9.1712E-01  4.0910E-03 -8.3985E-01
  170.00  1.2285E-01 -8.4272E-03  9.1773E-01 -9.1765E-01  3.3713E-03 -8.3992E-01
  171.00  1.2305E-01 -6.8412E-03  9.1818E-01 -9.1812E-01  2.7236E-03 -8.3999E-01
  172.00  1.2323E-01 -5.4162E-03  9.1858E-01 -9.1854E-01  2.1469E-03 -8.4003E-01
  173.00  1.2339E-01 -4.1541E-03  9.1893E-01 -9.1891E-01  1.6403E-03 -8.4007E-01
  174.00  1.2353E-01 -3.0567E-03  9.1924E-01 -9.1923E-01  1.2030E-03 -8.4010E-01
  175.00  1.2365E-01 -2.1255E-03  9.1950E-01 -9.1949E-01  8.3410E-04 -8.4013E-01
  176.00  1.2375E-01 -1.3618E-03  9.1971E-01 -9.1971E-01  5.3315E-04 -8.4015E-01
  177.00  1.2383E-01 -7.6662E-04  9.1987E-01 -9.1987E-01  2.9960E-04 -8.4016E-01
  178.00  1.2388E-01 -3.4092E-04  9.1999E-01 -9.1999E-01  1.3306E-04 -8.4017E-01
  179.00  1.2392E-01 -8.5261E-05  9.2006E-01 -9.2006E-01  3.3251E-05 -8.4017E-01
  180.00  1.2393E-01 -2.1133E-15  9.2009E-01 -9.2009E-01  8.2398E-16 -8.4017E-01
 random orientation scattering matrix expansion coefficients
    n       11          12          13          14          22          23          24          33          34          44
    0  1.0000E+00  0.0000E+00  0.0000E+00 -5.9909E-15  0.0000E+00  0.0000E+00  0.0000E+00  0.0000E+00  0.0000E+00  3.6899E-01
    1  1.2683E+00  0.0000E+00  0.0000E+00  1.5348E-13  0.0000E+00  0.0000E+00  0.0000E+00  0.0000E+00  0.0000E+00  1.5862E+00
    2  1.2458E+00 -6.7588E-01  1.3168E-12 -1.3237E-12  6.0514E-01  3.1315E-13 -8.1699E-13  2.5140E+00  4.9632E-01  1.4038E+00
    3  7.4937E-01 -6.1021E-01 -5.6126E-12 -9.9077E-13  2.8448E-01 -2.4932E-12 -3.8018E-13  1.4019E+00  4.0848E-01  8.6987E-01
    4  3.7117E-01 -4.0879E-01  1.5277E-12 -5.5976E-13  2.0021E-01  2.8498E-12 -9.5816E-13  5.9961E-01  2.1171E-01  3.4557E-01
    5  1.3633E-01 -1.6898E-01  6.6383E-13 -9.1646E-15  8.8890E-02 -8.3338E-14 -1.0196E-13  1.8467E-01  7.1249E-02  9.2266E-02
    6  3.8951E-02 -4.9744E-02  8.3749E-14 -2.6816E-14  2.8809E-02 -3.3790E-13  5.0188E-14  4.3022E-02  1.5477E-02  1.5040E-02
    7  7.0154E-03 -8.8571E-03  6.4721E-15 -6.1662E-16  5.2826E-03 -5.3444E-14  7.1602E-15  6.7155E-03  2.2911E-03  1.7063E-03
    8  9.2951E-04 -1.1529E-03  3.3441E-16  5.0147E-18  6.9713E-04 -2.8785E-15  4.9534E-16  7.9714E-04  2.4508E-04  1.3657E-04
    9  8.8344E-05 -1.0757E-04  1.3904E-17  2.0836E-18  6.5143E-05 -1.2994E-16  2.0976E-17  6.9965E-05  1.9760E-05  8.1435E-06
   10  6.5506E-06 -7.8469E-06  5.1009E-19  3.5404E-19  4.7377E-06 -3.7016E-18  4.1499E-19  4.8800E-06  1.2422E-06  3.5780E-07
   11  3.7580E-07 -4.4374E-07 -3.6948E-21  1.5870E-21  2.6649E-07 -1.1235E-21 -1.9951E-21  2.6683E-07  6.1190E-08  1.0536E-08
   12  1.6079E-08 -1.8750E-08  2.3526E-20 -1.8053E-21  1.1185E-08 -1.6653E-20  2.1467E-21  1.0998E-08  2.3105E-09  1.7152E-10
   13  5.2046E-10 -6.0036E-10 -5.0862E-21 -6.5226E-23  3.5519E-10  2.6785E-21  1.0118E-22  3.4563E-10  6.6298E-11 -7.0293E-13
   14  1.1848E-11 -1.3536E-11  1.0543E-22  4.7312E-24  7.9499E-12 -6.3924E-23 -5.3290E-24  7.6761E-12  1.3793E-12 -1.2502E-13
   15  1.6027E-13 -1.8158E-13  3.6437E-24 -6.2260E-26  1.0572E-13 -3.7521E-24  5.7395E-26  1.0187E-13  1.7135E-14 -2.4171E-15
   16  1.9047E-15 -2.1417E-15  4.0638E-25 -2.9067E-26  1.2410E-15 -2.0729E-25  3.0765E-26  1.1874E-15  1.9036E-16 -4.2003E-17
