****************************************************
****************************************************
 mstm calculation results
 date, time:
20221117 112918.123 
 input file:
linear_chain_10_rand.inp
****************************************************
 input variables for run     1
 sphere data input file:
linear_chain_10_z_config.pos
 number spheres
   10
 length, ref index scale factors
  1.2670000E+00  1.0400000E+00  1.8330000E+00
 volume cluster radius, area mean sphere radius, circumscribing radius, cross section radius
  2.7296659E+00  1.2670000E+00  1.2157411E+01  2.7296659E+00
 random orientation, estimated t matrix order:
    20
 layer 0 refractive index
  1.0000E+00  0.0000E+00
 number of plane boundaries 
  0
 max_iterations,solution_epsilon, mie_epsilon
     10000  1.0000E-06  1.0000E-06
 maximum Mie order, number of equations:
   5       700
 mean sphere Mie extinction, absorption efficiencies
  3.4770E+00  1.6863E+00
****************************************************
 calculation results for run 
           1
 number iterations, error, solution time 
     0  0.0000E+00  6.1131E+00
 t matrix order:
    18
 total extinction, absorption, scattering efficiencies (unpolarized incidence)
  5.6342E+00  2.7355E+00  2.8988E+00
 total scattering
 number directions, number SM elements:
   181     6
   theta     11          12          22          33          34          44     
    0.00  5.3036E+00  0.0000E+00  9.8888E-01  9.8888E-01  0.0000E+00  9.7799E-01
    1.00  5.2761E+00 -1.2324E-04  9.8886E-01  9.8886E-01 -2.5921E-04  9.7794E-01
    2.00  5.1947E+00 -4.9217E-04  9.8878E-01  9.8878E-01 -1.0413E-03  9.7780E-01
    3.00  5.0625E+00 -1.1045E-03  9.8865E-01  9.8865E-01 -2.3592E-03  9.7757E-01
    4.00  4.8847E+00 -1.9570E-03  9.8847E-01  9.8847E-01 -4.2331E-03  9.7725E-01
    5.00  4.6678E+00 -3.0454E-03  9.8823E-01  9.8824E-01 -6.6882E-03  9.7683E-01
    6.00  4.4198E+00 -4.3662E-03  9.8793E-01  9.8795E-01 -9.7510E-03  9.7632E-01
    7.00  4.1492E+00 -5.9171E-03  9.8758E-01  9.8762E-01 -1.3444E-02  9.7571E-01
    8.00  3.8648E+00 -7.6991E-03  9.8716E-01  9.8722E-01 -1.7778E-02  9.7501E-01
    9.00  3.5750E+00 -9.7188E-03  9.8668E-01  9.8678E-01 -2.2743E-02  9.7423E-01
   10.00  3.2879E+00 -1.1991E-02  9.8614E-01  9.8629E-01 -2.8296E-02  9.7336E-01
   11.00  3.0103E+00 -1.4541E-02  9.8555E-01  9.8575E-01 -3.4346E-02  9.7242E-01
   12.00  2.7476E+00 -1.7408E-02  9.8490E-01  9.8516E-01 -4.0747E-02  9.7143E-01
   13.00  2.5042E+00 -2.0647E-02  9.8422E-01  9.8454E-01 -4.7284E-02  9.7040E-01
   14.00  2.2825E+00 -2.4325E-02  9.8351E-01  9.8388E-01 -5.3677E-02  9.6935E-01
   15.00  2.0840E+00 -2.8519E-02  9.8279E-01  9.8318E-01 -5.9596E-02  9.6830E-01
   16.00  1.9085E+00 -3.3312E-02  9.8209E-01  9.8244E-01 -6.4690E-02  9.6726E-01
   17.00  1.7551E+00 -3.8776E-02  9.8141E-01  9.8165E-01 -6.8628E-02  9.6625E-01
   18.00  1.6217E+00 -4.4967E-02  9.8079E-01  9.8079E-01 -7.1147E-02  9.6526E-01
   19.00  1.5061E+00 -5.1913E-02  9.8022E-01  9.7984E-01 -7.2093E-02  9.6427E-01
   20.00  1.4054E+00 -5.9611E-02  9.7971E-01  9.7879E-01 -7.1438E-02  9.6326E-01
   21.00  1.3170E+00 -6.8032E-02  9.7924E-01  9.7761E-01 -6.9281E-02  9.6221E-01
   22.00  1.2383E+00 -7.7121E-02  9.7882E-01  9.7628E-01 -6.5818E-02  9.6107E-01
   23.00  1.1670E+00 -8.6811E-02  9.7841E-01  9.7478E-01 -6.1309E-02  9.5982E-01
   24.00  1.1012E+00 -9.7032E-02  9.7800E-01  9.7309E-01 -5.6030E-02  9.5841E-01
   25.00  1.0395E+00 -1.0772E-01  9.7758E-01  9.7121E-01 -5.0241E-02  9.5683E-01
   26.00  9.8088E-01 -1.1881E-01  9.7711E-01  9.6912E-01 -4.4161E-02  9.5506E-01
   27.00  9.2477E-01 -1.3027E-01  9.7658E-01  9.6681E-01 -3.7947E-02  9.5307E-01
   28.00  8.7087E-01 -1.4207E-01  9.7599E-01  9.6428E-01 -3.1694E-02  9.5086E-01
   29.00  8.1914E-01 -1.5420E-01  9.7531E-01  9.6151E-01 -2.5428E-02  9.4839E-01
   30.00  7.6970E-01 -1.6665E-01  9.7455E-01  9.5848E-01 -1.9118E-02  9.4566E-01
   31.00  7.2271E-01 -1.7945E-01  9.7369E-01  9.5516E-01 -1.2680E-02  9.4262E-01
   32.00  6.7839E-01 -1.9261E-01  9.7273E-01  9.5152E-01 -5.9957E-03  9.3925E-01
   33.00  6.3685E-01 -2.0617E-01  9.7168E-01  9.4751E-01  1.0771E-03  9.3548E-01
   34.00  5.9818E-01 -2.2015E-01  9.7055E-01  9.4305E-01  8.6813E-03  9.3126E-01
   35.00  5.6235E-01 -2.3458E-01  9.6933E-01  9.3808E-01  1.6943E-02  9.2652E-01
   36.00  5.2924E-01 -2.4947E-01  9.6803E-01  9.3252E-01  2.5957E-02  9.2119E-01
   37.00  4.9866E-01 -2.6485E-01  9.6666E-01  9.2629E-01  3.5771E-02  9.1519E-01
   38.00  4.7039E-01 -2.8069E-01  9.6523E-01  9.1932E-01  4.6381E-02  9.0845E-01
   39.00  4.4415E-01 -2.9699E-01  9.6373E-01  9.1153E-01  5.7733E-02  9.0092E-01
   40.00  4.1967E-01 -3.1369E-01  9.6218E-01  9.0289E-01  6.9734E-02  8.9255E-01
   41.00  3.9673E-01 -3.3076E-01  9.6056E-01  8.9334E-01  8.2256E-02  8.8332E-01
   42.00  3.7510E-01 -3.4813E-01  9.5888E-01  8.8287E-01  9.5160E-02  8.7320E-01
   43.00  3.5462E-01 -3.6575E-01  9.5713E-01  8.7146E-01  1.0830E-01  8.6220E-01
   44.00  3.3518E-01 -3.8355E-01  9.5529E-01  8.5913E-01  1.2156E-01  8.5033E-01
   45.00  3.1670E-01 -4.0146E-01  9.5337E-01  8.4588E-01  1.3483E-01  8.3759E-01
   46.00  2.9916E-01 -4.1942E-01  9.5134E-01  8.3175E-01  1.4803E-01  8.2401E-01
   47.00  2.8254E-01 -4.3737E-01  9.4920E-01  8.1675E-01  1.6114E-01  8.0960E-01
   48.00  2.6686E-01 -4.5524E-01  9.4692E-01  8.0089E-01  1.7413E-01  7.9436E-01
   49.00  2.5212E-01 -4.7298E-01  9.4450E-01  7.8419E-01  1.8705E-01  7.7827E-01
   50.00  2.3834E-01 -4.9054E-01  9.4192E-01  7.6665E-01  1.9995E-01  7.6131E-01
   51.00  2.2551E-01 -5.0787E-01  9.3916E-01  7.4824E-01  2.1289E-01  7.4342E-01
   52.00  2.1362E-01 -5.2490E-01  9.3620E-01  7.2892E-01  2.2594E-01  7.2453E-01
   53.00  2.0263E-01 -5.4158E-01  9.3303E-01  7.0865E-01  2.3918E-01  7.0457E-01
   54.00  1.9250E-01 -5.5784E-01  9.2963E-01  6.8737E-01  2.5263E-01  6.8343E-01
   55.00  1.8317E-01 -5.7361E-01  9.2598E-01  6.6500E-01  2.6631E-01  6.6104E-01
   56.00  1.7456E-01 -5.8882E-01  9.2208E-01  6.4149E-01  2.8018E-01  6.3732E-01
   57.00  1.6659E-01 -6.0337E-01  9.1792E-01  6.1679E-01  2.9417E-01  6.1222E-01
   58.00  1.5921E-01 -6.1720E-01  9.1350E-01  5.9086E-01  3.0819E-01  5.8570E-01
   59.00  1.5233E-01 -6.3021E-01  9.0882E-01  5.6371E-01  3.2209E-01  5.5779E-01
   60.00  1.4590E-01 -6.4232E-01  9.0389E-01  5.3536E-01  3.3572E-01  5.2853E-01
   61.00  1.3987E-01 -6.5346E-01  8.9873E-01  5.0587E-01  3.4894E-01  4.9799E-01
   62.00  1.3420E-01 -6.6357E-01  8.9335E-01  4.7532E-01  3.6157E-01  4.6630E-01
   63.00  1.2886E-01 -6.7259E-01  8.8777E-01  4.4382E-01  3.7349E-01  4.3359E-01
   64.00  1.2383E-01 -6.8048E-01  8.8203E-01  4.1151E-01  3.8457E-01  4.0001E-01
   65.00  1.1910E-01 -6.8723E-01  8.7616E-01  3.7852E-01  3.9473E-01  3.6573E-01
   66.00  1.1466E-01 -6.9282E-01  8.7019E-01  3.4500E-01  4.0390E-01  3.3090E-01
   67.00  1.1052E-01 -6.9723E-01  8.6413E-01  3.1110E-01  4.1204E-01  2.9569E-01
   68.00  1.0667E-01 -7.0048E-01  8.5803E-01  2.7697E-01  4.1916E-01  2.6021E-01
   69.00  1.0311E-01 -7.0256E-01  8.5190E-01  2.4273E-01  4.2527E-01  2.2458E-01
   70.00  9.9837E-02 -7.0348E-01  8.4574E-01  2.0851E-01  4.3038E-01  1.8892E-01
   71.00  9.6851E-02 -7.0325E-01  8.3956E-01  1.7442E-01  4.3454E-01  1.5329E-01
   72.00  9.4144E-02 -7.0186E-01  8.3336E-01  1.4059E-01  4.3775E-01  1.1777E-01
   73.00  9.1705E-02 -6.9931E-01  8.2712E-01  1.0710E-01  4.4004E-01  8.2423E-02
   74.00  8.9521E-02 -6.9563E-01  8.2082E-01  7.4083E-02  4.4141E-01  4.7338E-02
   75.00  8.7578E-02 -6.9081E-01  8.1445E-01  4.1645E-02  4.4186E-01  1.2599E-02
   76.00  8.5861E-02 -6.8490E-01  8.0798E-01  9.9141E-03  4.4137E-01 -2.1681E-02
   77.00  8.4351E-02 -6.7793E-01  8.0140E-01 -2.0979E-02  4.3992E-01 -5.5371E-02
   78.00  8.3034E-02 -6.6999E-01  7.9472E-01 -5.0899E-02  4.3750E-01 -8.8318E-02
   79.00  8.1894E-02 -6.6117E-01  7.8795E-01 -7.9713E-02  4.3412E-01 -1.2035E-01
   80.00  8.0916E-02 -6.5159E-01  7.8111E-01 -1.0730E-01  4.2980E-01 -1.5130E-01
   81.00  8.0089E-02 -6.4140E-01  7.7426E-01 -1.3356E-01  4.2459E-01 -1.8099E-01
   82.00  7.9401E-02 -6.3076E-01  7.6745E-01 -1.5842E-01  4.1858E-01 -2.0926E-01
   83.00  7.8845E-02 -6.1984E-01  7.6076E-01 -1.8184E-01  4.1188E-01 -2.3598E-01
   84.00  7.8413E-02 -6.0881E-01  7.5429E-01 -2.0382E-01  4.0462E-01 -2.6107E-01
   85.00  7.8099E-02 -5.9782E-01  7.4813E-01 -2.2443E-01  3.9698E-01 -2.8445E-01
   86.00  7.7900E-02 -5.8701E-01  7.4238E-01 -2.4376E-01  3.8913E-01 -3.0614E-01
   87.00  7.7811E-02 -5.7651E-01  7.3714E-01 -2.6194E-01  3.8125E-01 -3.2618E-01
   88.00  7.7829E-02 -5.6638E-01  7.3251E-01 -2.7914E-01  3.7350E-01 -3.4465E-01
   89.00  7.7949E-02 -5.5667E-01  7.2855E-01 -2.9555E-01  3.6604E-01 -3.6168E-01
   90.00  7.8169E-02 -5.4739E-01  7.2533E-01 -3.1138E-01  3.5901E-01 -3.7743E-01
   91.00  7.8482E-02 -5.3850E-01  7.2290E-01 -3.2684E-01  3.5250E-01 -3.9209E-01
   92.00  7.8883E-02 -5.2996E-01  7.2127E-01 -3.4211E-01  3.4657E-01 -4.0583E-01
   93.00  7.9365E-02 -5.2168E-01  7.2044E-01 -3.5736E-01  3.4124E-01 -4.1883E-01
   94.00  7.9920E-02 -5.1356E-01  7.2038E-01 -3.7273E-01  3.3651E-01 -4.3128E-01
   95.00  8.0540E-02 -5.0551E-01  7.2107E-01 -3.8832E-01  3.3233E-01 -4.4331E-01
   96.00  8.1214E-02 -4.9741E-01  7.2243E-01 -4.0420E-01  3.2864E-01 -4.5506E-01
   97.00  8.1935E-02 -4.8916E-01  7.2440E-01 -4.2039E-01  3.2536E-01 -4.6662E-01
   98.00  8.2691E-02 -4.8069E-01  7.2691E-01 -4.3689E-01  3.2238E-01 -4.7806E-01
   99.00  8.3473E-02 -4.7193E-01  7.2987E-01 -4.5366E-01  3.1960E-01 -4.8942E-01
  100.00  8.4271E-02 -4.6282E-01  7.3319E-01 -4.7064E-01  3.1693E-01 -5.0072E-01
  101.00  8.5078E-02 -4.5333E-01  7.3681E-01 -4.8775E-01  3.1427E-01 -5.1195E-01
  102.00  8.5886E-02 -4.4345E-01  7.4064E-01 -5.0491E-01  3.1154E-01 -5.2309E-01
  103.00  8.6688E-02 -4.3318E-01  7.4461E-01 -5.2202E-01  3.0866E-01 -5.3412E-01
  104.00  8.7478E-02 -4.2254E-01  7.4867E-01 -5.3897E-01  3.0558E-01 -5.4499E-01
  105.00  8.8254E-02 -4.1155E-01  7.5275E-01 -5.5569E-01  3.0226E-01 -5.5565E-01
  106.00  8.9011E-02 -4.0025E-01  7.5682E-01 -5.7207E-01  2.9866E-01 -5.6607E-01
  107.00  8.9748E-02 -3.8870E-01  7.6082E-01 -5.8805E-01  2.9476E-01 -5.7621E-01
  108.00  9.0464E-02 -3.7693E-01  7.6475E-01 -6.0355E-01  2.9057E-01 -5.8601E-01
  109.00  9.1160E-02 -3.6500E-01  7.6856E-01 -6.1851E-01  2.8609E-01 -5.9546E-01
  110.00  9.1836E-02 -3.5297E-01  7.7225E-01 -6.3290E-01  2.8132E-01 -6.0453E-01
  111.00  9.2493E-02 -3.4088E-01  7.7580E-01 -6.4667E-01  2.7630E-01 -6.1320E-01
  112.00  9.3135E-02 -3.2877E-01  7.7921E-01 -6.5980E-01  2.7103E-01 -6.2144E-01
  113.00  9.3761E-02 -3.1670E-01  7.8248E-01 -6.7228E-01  2.6555E-01 -6.2926E-01
  114.00  9.4375E-02 -3.0471E-01  7.8560E-01 -6.8411E-01  2.5988E-01 -6.3665E-01
  115.00  9.4978E-02 -2.9283E-01  7.8858E-01 -6.9529E-01  2.5405E-01 -6.4362E-01
  116.00  9.5572E-02 -2.8110E-01  7.9143E-01 -7.0582E-01  2.4808E-01 -6.5017E-01
  117.00  9.6158E-02 -2.6954E-01  7.9415E-01 -7.1573E-01  2.4201E-01 -6.5631E-01
  118.00  9.6737E-02 -2.5818E-01  7.9674E-01 -7.2503E-01  2.3585E-01 -6.6205E-01
  119.00  9.7309E-02 -2.4704E-01  7.9922E-01 -7.3374E-01  2.2962E-01 -6.6742E-01
  120.00  9.7874E-02 -2.3614E-01  8.0158E-01 -7.4190E-01  2.2334E-01 -6.7241E-01
  121.00  9.8432E-02 -2.2549E-01  8.0385E-01 -7.4952E-01  2.1703E-01 -6.7706E-01
  122.00  9.8982E-02 -2.1510E-01  8.0603E-01 -7.5664E-01  2.1070E-01 -6.8137E-01
  123.00  9.9524E-02 -2.0500E-01  8.0811E-01 -7.6328E-01  2.0437E-01 -6.8537E-01
  124.00  1.0006E-01 -1.9517E-01  8.1011E-01 -7.6947E-01  1.9804E-01 -6.8907E-01
  125.00  1.0058E-01 -1.8564E-01  8.1204E-01 -7.7524E-01  1.9172E-01 -6.9249E-01
  126.00  1.0109E-01 -1.7641E-01  8.1389E-01 -7.8061E-01  1.8543E-01 -6.9564E-01
  127.00  1.0158E-01 -1.6747E-01  8.1568E-01 -7.8562E-01  1.7916E-01 -6.9854E-01
  128.00  1.0206E-01 -1.5885E-01  8.1740E-01 -7.9027E-01  1.7293E-01 -7.0121E-01
  129.00  1.0253E-01 -1.5052E-01  8.1906E-01 -7.9461E-01  1.6673E-01 -7.0367E-01
  130.00  1.0298E-01 -1.4251E-01  8.2067E-01 -7.9864E-01  1.6058E-01 -7.0591E-01
  131.00  1.0341E-01 -1.3480E-01  8.2222E-01 -8.0240E-01  1.5449E-01 -7.0797E-01
  132.00  1.0383E-01 -1.2740E-01  8.2372E-01 -8.0590E-01  1.4845E-01 -7.0985E-01
  133.00  1.0422E-01 -1.2030E-01  8.2518E-01 -8.0916E-01  1.4247E-01 -7.1157E-01
  134.00  1.0460E-01 -1.1350E-01  8.2659E-01 -8.1221E-01  1.3656E-01 -7.1314E-01
  135.00  1.0497E-01 -1.0701E-01  8.2796E-01 -8.1505E-01  1.3072E-01 -7.1457E-01
  136.00  1.0531E-01 -1.0080E-01  8.2929E-01 -8.1771E-01  1.2496E-01 -7.1587E-01
  137.00  1.0565E-01 -9.4887E-02  8.3059E-01 -8.2020E-01  1.1929E-01 -7.1706E-01
  138.00  1.0596E-01 -8.9251E-02  8.3185E-01 -8.2254E-01  1.1371E-01 -7.1815E-01
  139.00  1.0627E-01 -8.3887E-02  8.3308E-01 -8.2474E-01  1.0822E-01 -7.1914E-01
  140.00  1.0656E-01 -7.8789E-02  8.3429E-01 -8.2682E-01  1.0284E-01 -7.2004E-01
  141.00  1.0684E-01 -7.3946E-02  8.3547E-01 -8.2878E-01  9.7559E-02 -7.2086E-01
  142.00  1.0711E-01 -6.9348E-02  8.3662E-01 -8.3063E-01  9.2394E-02 -7.2161E-01
  143.00  1.0737E-01 -6.4986E-02  8.3776E-01 -8.3240E-01  8.7345E-02 -7.2229E-01
  144.00  1.0763E-01 -6.0848E-02  8.3887E-01 -8.3408E-01  8.2418E-02 -7.2292E-01
  145.00  1.0788E-01 -5.6925E-02  8.3996E-01 -8.3568E-01  7.7618E-02 -7.2349E-01
  146.00  1.0812E-01 -5.3205E-02  8.4104E-01 -8.3721E-01  7.2948E-02 -7.2400E-01
  147.00  1.0836E-01 -4.9678E-02  8.4209E-01 -8.3868E-01  6.8412E-02 -7.2448E-01
  148.00  1.0860E-01 -4.6333E-02  8.4313E-01 -8.4009E-01  6.4016E-02 -7.2490E-01
  149.00  1.0884E-01 -4.3159E-02  8.4415E-01 -8.4144E-01  5.9760E-02 -7.2529E-01
  150.00  1.0907E-01 -4.0148E-02  8.4514E-01 -8.4275E-01  5.5650E-02 -7.2563E-01
  151.00  1.0931E-01 -3.7289E-02  8.4612E-01 -8.4400E-01  5.1686E-02 -7.2594E-01
  152.00  1.0954E-01 -3.4575E-02  8.4708E-01 -8.4521E-01  4.7873E-02 -7.2621E-01
  153.00  1.0978E-01 -3.1996E-02  8.4802E-01 -8.4637E-01  4.4211E-02 -7.2645E-01
  154.00  1.1002E-01 -2.9545E-02  8.4894E-01 -8.4749E-01  4.0701E-02 -7.2665E-01
  155.00  1.1025E-01 -2.7216E-02  8.4984E-01 -8.4857E-01  3.7346E-02 -7.2682E-01
  156.00  1.1049E-01 -2.5003E-02  8.5071E-01 -8.4960E-01  3.4146E-02 -7.2696E-01
  157.00  1.1072E-01 -2.2900E-02  8.5156E-01 -8.5060E-01  3.1100E-02 -7.2708E-01
  158.00  1.1096E-01 -2.0903E-02  8.5238E-01 -8.5156E-01  2.8210E-02 -7.2716E-01
  159.00  1.1120E-01 -1.9008E-02  8.5318E-01 -8.5248E-01  2.5474E-02 -7.2722E-01
  160.00  1.1143E-01 -1.7211E-02  8.5396E-01 -8.5336E-01  2.2893E-02 -7.2724E-01
  161.00  1.1166E-01 -1.5511E-02  8.5471E-01 -8.5420E-01  2.0464E-02 -7.2725E-01
  162.00  1.1189E-01 -1.3904E-02  8.5543E-01 -8.5501E-01  1.8187E-02 -7.2723E-01
  163.00  1.1211E-01 -1.2389E-02  8.5613E-01 -8.5578E-01  1.6060E-02 -7.2719E-01
  164.00  1.1233E-01 -1.0964E-02  8.5680E-01 -8.5652E-01  1.4081E-02 -7.2712E-01
  165.00  1.1255E-01 -9.6288E-03  8.5744E-01 -8.5722E-01  1.2248E-02 -7.2704E-01
  166.00  1.1276E-01 -8.3820E-03  8.5805E-01 -8.5788E-01  1.0558E-02 -7.2694E-01
  167.00  1.1296E-01 -7.2229E-03  8.5864E-01 -8.5851E-01  9.0089E-03 -7.2682E-01
  168.00  1.1315E-01 -6.1511E-03  8.5920E-01 -8.5909E-01  7.5968E-03 -7.2669E-01
  169.00  1.1334E-01 -5.1662E-03  8.5972E-01 -8.5964E-01  6.3185E-03 -7.2655E-01
  170.00  1.1351E-01 -4.2677E-03  8.6021E-01 -8.6016E-01  5.1702E-03 -7.2641E-01
  171.00  1.1367E-01 -3.4555E-03  8.6066E-01 -8.6062E-01  4.1481E-03 -7.2626E-01
  172.00  1.1382E-01 -2.7294E-03  8.6107E-01 -8.6105E-01  3.2481E-03 -7.2612E-01
  173.00  1.1395E-01 -2.0891E-03  8.6145E-01 -8.6143E-01  2.4661E-03 -7.2598E-01
  174.00  1.1407E-01 -1.5344E-03  8.6177E-01 -8.6177E-01  1.7981E-03 -7.2585E-01
  175.00  1.1417E-01 -1.0653E-03  8.6206E-01 -8.6205E-01  1.2404E-03 -7.2573E-01
  176.00  1.1426E-01 -6.8169E-04  8.6229E-01 -8.6229E-01  7.8938E-04 -7.2563E-01
  177.00  1.1432E-01 -3.8340E-04  8.6248E-01 -8.6248E-01  4.4203E-04 -7.2555E-01
  178.00  1.1437E-01 -1.7038E-04  8.6261E-01 -8.6261E-01  1.9581E-04 -7.2549E-01
  179.00  1.1440E-01 -4.2593E-05  8.6269E-01 -8.6269E-01  4.8855E-05 -7.2545E-01
  180.00  1.1441E-01 -1.0556E-15  8.6272E-01 -8.6272E-01  1.2100E-15 -7.2544E-01
 random orientation scattering matrix expansion coefficients
    n       11          12          13          14          22          23          24          33          34          44
    0  1.0000E+00  0.0000E+00  0.0000E+00  3.0314E-05  0.0000E+00  0.0000E+00  0.0000E+00  0.0000E+00  0.0000E+00  5.4014E-01
    1  1.6433E+00  0.0000E+00  0.0000E+00 -8.2172E-05  0.0000E+00  0.0000E+00  0.0000E+00  0.0000E+00  0.0000E+00  1.9815E+00
    2  2.2912E+00 -4.3616E-01 -2.3361E-03  1.8193E-04  4.8711E-01 -9.5108E-06  1.5521E-03  3.1302E+00  2.3939E-01  2.2518E+00
    3  2.2682E+00 -3.5890E-01  2.8811E-03  1.2056E-03  1.1436E-01 -5.7739E-06  6.0284E-04  2.7908E+00  7.0668E-02  2.2063E+00
    4  2.0023E+00 -3.0624E-01 -7.4280E-04  1.2432E-03  4.6112E-02 -1.8081E-06 -9.3238E-04  2.3704E+00  1.2258E-02  1.9868E+00
    5  1.7508E+00 -2.3381E-01 -4.2645E-05  1.2475E-03  6.1560E-02  9.1933E-06  1.6241E-03  1.9622E+00 -8.1501E-02  1.7095E+00
    6  1.5510E+00 -1.1765E-01 -1.7735E-03  4.8222E-04  3.9705E-02 -1.1346E-06 -5.2200E-04  1.6584E+00 -1.5531E-01  1.4934E+00
    7  1.3649E+00 -5.6869E-02  4.5494E-04  1.1268E-03 -4.5658E-04 -7.3973E-06 -1.8779E-04  1.4463E+00 -1.6109E-01  1.3355E+00
    8  1.2030E+00 -4.6030E-02  1.0126E-03  1.2635E-03 -8.2729E-04 -2.9060E-06  4.4608E-04  1.2656E+00 -1.5165E-01  1.1823E+00
    9  1.0647E+00 -2.8067E-02 -3.8422E-04  1.4769E-03  5.6476E-03  7.1266E-07  9.0784E-05  1.1073E+00 -1.4856E-01  1.0452E+00
   10  9.4613E-01 -8.9021E-03 -5.4280E-04  7.5940E-04  2.0153E-03  4.4789E-07 -9.7478E-04  9.7675E-01 -1.3838E-01  9.2914E-01
   11  8.2959E-01 -4.5307E-03 -2.4266E-04 -8.1421E-05 -4.3883E-03  9.7871E-08 -3.6475E-04  8.5771E-01 -1.1573E-01  8.2037E-01
   12  7.1722E-01 -6.4434E-03  2.4806E-04 -2.8356E-04 -1.4487E-03 -2.8804E-07  3.0852E-04  7.4102E-01 -9.5856E-02  7.0985E-01
   13  6.1275E-01 -3.9992E-03  2.2844E-04 -4.1876E-05  2.4328E-03  8.7502E-07  3.7150E-04  6.3063E-01 -8.1949E-02  6.0409E-01
   14  5.1314E-01 -2.0756E-03 -1.7290E-04 -2.1093E-04  2.4105E-04  8.5801E-07  1.2985E-04  5.2864E-01 -6.6762E-02  5.0779E-01
   15  4.2011E-01 -4.2948E-03 -3.7645E-04 -7.6810E-04 -1.8764E-03 -7.4853E-08  9.7940E-05  4.3322E-01 -5.1322E-02  4.1603E-01
   16  3.3604E-01 -5.9403E-03 -2.2826E-04 -1.1707E-03 -8.0979E-04 -2.7002E-07  2.2047E-04  3.4498E-01 -3.9675E-02  3.2895E-01
   17  2.5785E-01 -6.4647E-03  6.5211E-05 -1.0906E-03 -8.7424E-04  5.1026E-08  2.8659E-04  2.6499E-01 -2.8522E-02  2.5155E-01
   18  1.8468E-01 -9.1291E-03  2.1116E-04 -7.2758E-04 -2.5254E-03  1.4839E-07  2.2767E-04  1.9272E-01 -1.5228E-02  1.8385E-01
   19  1.2092E-01 -1.3052E-02  1.9018E-04 -3.7932E-04 -3.0958E-03  7.7140E-08  1.3863E-04  1.2909E-01 -3.2246E-03  1.2411E-01
   20  7.1619E-02 -1.4473E-02  1.1652E-04 -1.5672E-04 -1.8717E-03 -2.6136E-09  6.3917E-05  7.7717E-02  3.3999E-03  7.4714E-02
   21  3.8137E-02 -1.2160E-02  5.2232E-05 -5.4237E-05 -3.4147E-04 -1.8782E-08  2.4704E-05  4.1445E-02  4.7425E-03  3.9303E-02
   22  1.8193E-02 -8.0113E-03  1.9573E-05 -1.5532E-05  4.4779E-04 -5.8256E-09  7.9653E-06  1.9474E-02  3.4753E-03  1.7959E-02
   23  7.7546E-03 -4.2885E-03  5.8502E-06 -3.8615E-06  5.2944E-04  1.0815E-09  2.2509E-06  8.0704E-03  1.8789E-03  7.1488E-03
   24  2.9543E-03 -1.9215E-03  1.5206E-06 -8.2650E-07  3.4455E-04  2.0527E-09  5.7805E-07  2.9621E-03  8.1900E-04  2.4936E-03
   25  1.0063E-03 -7.3601E-04  3.1481E-07 -1.6696E-07  1.6635E-04  1.0400E-09  1.4446E-07  9.6696E-04  2.9972E-04  7.6652E-04
   26  3.0637E-04 -2.4427E-04  5.3997E-08 -2.2704E-08  6.5032E-05  3.5182E-10  2.8566E-08  2.8132E-04  9.3929E-05  2.0805E-04
   27  8.3026E-05 -7.0565E-05  6.2472E-09 -3.3438E-09  2.1209E-05  9.5692E-11  6.2120E-09  7.2826E-05  2.5468E-05  4.9847E-05
   28  1.9928E-05 -1.7765E-05 -1.1111E-10  4.9651E-10  5.8635E-06  2.1970E-11  5.9925E-10  1.6715E-05  5.9849E-06  1.0509E-05
   29  4.1925E-06 -3.8730E-06 -1.3392E-10  1.3130E-10  1.3760E-06  4.6327E-12  7.8121E-11  3.3709E-06  1.2216E-06  1.9351E-06
   30  7.6869E-07 -7.2913E-07 -8.0028E-11  4.9072E-11  2.7420E-07  8.2360E-13 -2.7319E-13  5.9478E-07  2.1510E-07  3.1086E-07
   31  1.2053E-07 -1.1664E-07 -8.8253E-12  7.6668E-12  4.5997E-08  1.0435E-13 -2.0497E-12  8.9989E-08  3.2450E-08  4.2578E-08
   32  1.6274E-08 -1.5981E-08 -2.5799E-12  7.8953E-13  6.5307E-09  1.8465E-14  1.5597E-13  1.1784E-08  4.1968E-09  5.0591E-09
   33  1.7658E-09 -1.7541E-09 -1.5356E-13  1.1470E-13  7.4009E-10  1.9009E-15 -5.0212E-14  1.2422E-09  4.3868E-10  4.8019E-10
   34  1.6676E-10 -1.6713E-10 -3.2265E-14 -8.3712E-16  7.2250E-11  3.2050E-16  8.9527E-15  1.1457E-10  3.9868E-11  3.9894E-11
   35  9.8013E-12 -9.8916E-12 -9.3427E-16  5.0720E-16  4.3663E-12  3.4352E-17 -2.5918E-16  6.5764E-12  2.2673E-12  1.9854E-12
   36  6.2053E-13 -6.3062E-13 -1.2302E-16 -4.5795E-17  2.8671E-13  2.3645E-18  6.7274E-17  4.0612E-13  1.3918E-13  1.0737E-13
