****************************************************
****************************************************
 mstm calculation results
 date, time:
20220919 082317.457 
 input file:
linear_chain_20.inp
****************************************************
 input variables for run     1
 sphere data input file:
linear_chain_20_config.pos
 number spheres
   20
 length, ref index scale factors
  1.2670000E+00  1.0400000E+00  1.8330000E+00
 volume cluster radius, area mean sphere radius, circumscribing radius, cross section radius
  3.4391627E+00  1.2670000E+00  2.3323191E+01  3.4391627E+00
 random orientation, estimated t matrix order:
    32
 layer 0 refractive index
  1.0000E+00  0.0000E+00
 number of plane boundaries 
  0
 max_iterations,solution_epsilon, mie_epsilon
     10000  1.0000E-06  1.0000E-06
 maximum Mie order, number of equations:
   5      1400
 mean sphere Mie extinction, absorption efficiencies
  3.4770E+00  1.6863E+00
****************************************************
 calculation results for run 
           1
 number iterations, error, solution time 
     0  0.0000E+00  1.3246E+03
 t matrix order:
    31
 total extinction, absorption, scattering efficiencies (unpolarized incidence)
  6.6930E+00  3.2790E+00  3.4140E+00
 total scattering
 number directions, number SM elements:
   181     6
   theta     11          12          22          33          34          44     
    0.00  1.0168E+01  0.0000E+00  9.8442E-01  9.8442E-01  0.0000E+00  9.6900E-01
    1.00  9.9703E+00  1.6719E-04  9.8438E-01  9.8438E-01 -2.0734E-03  9.6893E-01
    2.00  9.4085E+00  6.7401E-04  9.8427E-01  9.8426E-01 -8.3702E-03  9.6873E-01
    3.00  8.5644E+00  1.5265E-03  9.8411E-01  9.8405E-01 -1.9075E-02  9.6843E-01
    4.00  7.5541E+00  2.6997E-03  9.8395E-01  9.8376E-01 -3.4323E-02  9.6807E-01
    5.00  6.5015E+00  4.0797E-03  9.8386E-01  9.8337E-01 -5.3889E-02  9.6770E-01
    6.00  5.5142E+00  5.3876E-03  9.8392E-01  9.8284E-01 -7.6720E-02  9.6740E-01
    7.00  4.6651E+00  6.1325E-03  9.8420E-01  9.8216E-01 -1.0052E-01  9.6720E-01
    8.00  3.9862E+00  5.6879E-03  9.8472E-01  9.8128E-01 -1.2186E-01  9.6710E-01
    9.00  3.4718E+00  3.5488E-03  9.8542E-01  9.8019E-01 -1.3741E-01  9.6699E-01
   10.00  3.0915E+00 -3.6443E-04  9.8613E-01  9.7892E-01 -1.4561E-01  9.6673E-01
   11.00  2.8041E+00 -5.6345E-03  9.8668E-01  9.7755E-01 -1.4755E-01  9.6622E-01
   12.00  2.5719E+00 -1.1588E-02  9.8695E-01  9.7617E-01 -1.4606E-01  9.6548E-01
   13.00  2.3680E+00 -1.7621E-02  9.8694E-01  9.7492E-01 -1.4406E-01  9.6463E-01
   14.00  2.1792E+00 -2.3395E-02  9.8672E-01  9.7387E-01 -1.4341E-01  9.6384E-01
   15.00  2.0027E+00 -2.8874E-02  9.8639E-01  9.7310E-01 -1.4454E-01  9.6330E-01
   16.00  1.8411E+00 -3.4273E-02  9.8604E-01  9.7259E-01 -1.4672E-01  9.6308E-01
   17.00  1.6977E+00 -3.9942E-02  9.8574E-01  9.7226E-01 -1.4868E-01  9.6311E-01
   18.00  1.5733E+00 -4.6225E-02  9.8546E-01  9.7193E-01 -1.4927E-01  9.6320E-01
   19.00  1.4655E+00 -5.3323E-02  9.8513E-01  9.7143E-01 -1.4801E-01  9.6308E-01
   20.00  1.3701E+00 -6.1230E-02  9.8465E-01  9.7061E-01 -1.4528E-01  9.6253E-01
   21.00  1.2832E+00 -6.9783E-02  9.8393E-01  9.6947E-01 -1.4191E-01  9.6146E-01
   22.00  1.2018E+00 -7.8767E-02  9.8294E-01  9.6808E-01 -1.3868E-01  9.5996E-01
   23.00  1.1253E+00 -8.8024E-02  9.8168E-01  9.6657E-01 -1.3595E-01  9.5819E-01
   24.00  1.0541E+00 -9.7516E-02  9.8025E-01  9.6508E-01 -1.3348E-01  9.5637E-01
   25.00  9.8891E-01 -1.0733E-01  9.7876E-01  9.6363E-01 -1.3063E-01  9.5464E-01
   26.00  9.3011E-01 -1.1763E-01  9.7730E-01  9.6216E-01 -1.2666E-01  9.5298E-01
   27.00  8.7700E-01 -1.2854E-01  9.7594E-01  9.6050E-01 -1.2117E-01  9.5126E-01
   28.00  8.2823E-01 -1.4013E-01  9.7465E-01  9.5846E-01 -1.1429E-01  9.4928E-01
   29.00  7.8233E-01 -1.5235E-01  9.7335E-01  9.5590E-01 -1.0658E-01  9.4684E-01
   30.00  7.3832E-01 -1.6505E-01  9.7195E-01  9.5282E-01 -9.8731E-02  9.4386E-01
   31.00  6.9591E-01 -1.7810E-01  9.7036E-01  9.4930E-01 -9.1310E-02  9.4038E-01
   32.00  6.5546E-01 -1.9140E-01  9.6854E-01  9.4549E-01 -8.4469E-02  9.3655E-01
   33.00  6.1758E-01 -2.0496E-01  9.6655E-01  9.4151E-01 -7.7930E-02  9.3250E-01
   34.00  5.8267E-01 -2.1887E-01  9.6445E-01  9.3740E-01 -7.1122E-02  9.2834E-01
   35.00  5.5072E-01 -2.3325E-01  9.6235E-01  9.3307E-01 -6.3450E-02  9.2403E-01
   36.00  5.2125E-01 -2.4821E-01  9.6033E-01  9.2830E-01 -5.4557E-02  9.1945E-01
   37.00  4.9357E-01 -2.6377E-01  9.5844E-01  9.2289E-01 -4.4461E-02  9.1439E-01
   38.00  4.6708E-01 -2.7982E-01  9.5665E-01  9.1664E-01 -3.3511E-02  9.0870E-01
   39.00  4.4146E-01 -2.9620E-01  9.5488E-01  9.0953E-01 -2.2207E-02  9.0228E-01
   40.00  4.1679E-01 -3.1270E-01  9.5306E-01  9.0160E-01 -1.0987E-02  8.9513E-01
   41.00  3.9338E-01 -3.2918E-01  9.5109E-01  8.9303E-01 -6.2281E-05  8.8732E-01
   42.00  3.7158E-01 -3.4558E-01  9.4890E-01  8.8397E-01  1.0633E-02  8.7891E-01
   43.00  3.5160E-01 -3.6193E-01  9.4643E-01  8.7450E-01  2.1387E-02  8.6990E-01
   44.00  3.3337E-01 -3.7837E-01  9.4366E-01  8.6455E-01  3.2554E-02  8.6019E-01
   45.00  3.1660E-01 -3.9504E-01  9.4060E-01  8.5394E-01  4.4401E-02  8.4962E-01
   46.00  3.0087E-01 -4.1202E-01  9.3727E-01  8.4243E-01  5.7011E-02  8.3801E-01
   47.00  2.8582E-01 -4.2932E-01  9.3374E-01  8.2977E-01  7.0286E-02  8.2526E-01
   48.00  2.7125E-01 -4.4684E-01  9.3006E-01  8.1583E-01  8.4039E-02  8.1135E-01
   49.00  2.5717E-01 -4.6444E-01  9.2632E-01  8.0056E-01  9.8103E-02  7.9637E-01
   50.00  2.4372E-01 -4.8196E-01  9.2259E-01  7.8404E-01  1.1241E-01  7.8044E-01
   51.00  2.3110E-01 -4.9928E-01  9.1892E-01  7.6635E-01  1.2704E-01  7.6368E-01
   52.00  2.1947E-01 -5.1633E-01  9.1529E-01  7.4760E-01  1.4212E-01  7.4608E-01
   53.00  2.0884E-01 -5.3305E-01  9.1162E-01  7.2780E-01  1.5776E-01  7.2750E-01
   54.00  1.9911E-01 -5.4942E-01  9.0774E-01  7.0689E-01  1.7400E-01  7.0769E-01
   55.00  1.9011E-01 -5.6535E-01  9.0347E-01  6.8479E-01  1.9067E-01  6.8636E-01
   56.00  1.8164E-01 -5.8072E-01  8.9863E-01  6.6139E-01  2.0750E-01  6.6327E-01
   57.00  1.7355E-01 -5.9535E-01  8.9310E-01  6.3668E-01  2.2413E-01  6.3834E-01
   58.00  1.6577E-01 -6.0906E-01  8.8688E-01  6.1073E-01  2.4025E-01  6.1166E-01
   59.00  1.5833E-01 -6.2168E-01  8.8006E-01  5.8366E-01  2.5564E-01  5.8347E-01
   60.00  1.5129E-01 -6.3313E-01  8.7282E-01  5.5566E-01  2.7022E-01  5.5413E-01
   61.00  1.4470E-01 -6.4342E-01  8.6539E-01  5.2687E-01  2.8403E-01  5.2396E-01
   62.00  1.3862E-01 -6.5262E-01  8.5799E-01  4.9738E-01  2.9717E-01  4.9323E-01
   63.00  1.3303E-01 -6.6084E-01  8.5079E-01  4.6722E-01  3.0977E-01  4.6209E-01
   64.00  1.2788E-01 -6.6816E-01  8.4386E-01  4.3633E-01  3.2186E-01  4.3057E-01
   65.00  1.2313E-01 -6.7462E-01  8.3720E-01  4.0470E-01  3.3340E-01  3.9866E-01
   66.00  1.1869E-01 -6.8019E-01  8.3078E-01  3.7232E-01  3.4430E-01  3.6634E-01
   67.00  1.1454E-01 -6.8478E-01  8.2454E-01  3.3931E-01  3.5444E-01  3.3368E-01
   68.00  1.1065E-01 -6.8829E-01  8.1846E-01  3.0582E-01  3.6375E-01  3.0080E-01
   69.00  1.0703E-01 -6.9065E-01  8.1255E-01  2.7207E-01  3.7224E-01  2.6786E-01
   70.00  1.0370E-01 -6.9182E-01  8.0687E-01  2.3824E-01  3.7997E-01  2.3502E-01
   71.00  1.0066E-01 -6.9180E-01  8.0144E-01  2.0447E-01  3.8706E-01  2.0236E-01
   72.00  9.7906E-02 -6.9061E-01  7.9623E-01  1.7082E-01  3.9361E-01  1.6986E-01
   73.00  9.5408E-02 -6.8828E-01  7.9116E-01  1.3730E-01  3.9964E-01  1.3740E-01
   74.00  9.3133E-02 -6.8480E-01  7.8605E-01  1.0392E-01  4.0507E-01  1.0483E-01
   75.00  9.1046E-02 -6.8013E-01  7.8071E-01  7.0762E-02  4.0972E-01  7.2038E-02
   76.00  8.9121E-02 -6.7423E-01  7.7493E-01  3.7967E-02  4.1339E-01  3.9014E-02
   77.00  8.7344E-02 -6.6706E-01  7.6855E-01  5.7858E-03  4.1584E-01  5.8782E-03
   78.00  8.5718E-02 -6.5863E-01  7.6153E-01 -2.5481E-02  4.1693E-01 -2.7112E-02
   79.00  8.4251E-02 -6.4903E-01  7.5393E-01 -5.5536E-02  4.1660E-01 -5.9599E-02
   80.00  8.2956E-02 -6.3841E-01  7.4593E-01 -8.4157E-02  4.1488E-01 -9.1190E-02
   81.00  8.1837E-02 -6.2699E-01  7.3781E-01 -1.1125E-01  4.1194E-01 -1.2153E-01
   82.00  8.0888E-02 -6.1501E-01  7.2987E-01 -1.3686E-01  4.0798E-01 -1.5034E-01
   83.00  8.0091E-02 -6.0274E-01  7.2241E-01 -1.6117E-01  4.0323E-01 -1.7749E-01
   84.00  7.9421E-02 -5.9037E-01  7.1568E-01 -1.8446E-01  3.9788E-01 -2.0297E-01
   85.00  7.8850E-02 -5.7806E-01  7.0984E-01 -2.0699E-01  3.9213E-01 -2.2686E-01
   86.00  7.8352E-02 -5.6590E-01  7.0494E-01 -2.2901E-01  3.8609E-01 -2.4931E-01
   87.00  7.7912E-02 -5.5390E-01  7.0097E-01 -2.5067E-01  3.7987E-01 -2.7051E-01
   88.00  7.7524E-02 -5.4204E-01  6.9785E-01 -2.7204E-01  3.7357E-01 -2.9064E-01
   89.00  7.7196E-02 -5.3028E-01  6.9544E-01 -2.9309E-01  3.6726E-01 -3.0985E-01
   90.00  7.6938E-02 -5.1853E-01  6.9360E-01 -3.1374E-01  3.6101E-01 -3.2826E-01
   91.00  7.6764E-02 -5.0675E-01  6.9219E-01 -3.3386E-01  3.5489E-01 -3.4598E-01
   92.00  7.6684E-02 -4.9490E-01  6.9108E-01 -3.5336E-01  3.4894E-01 -3.6304E-01
   93.00  7.6702E-02 -4.8294E-01  6.9018E-01 -3.7215E-01  3.4317E-01 -3.7949E-01
   94.00  7.6812E-02 -4.7090E-01  6.8943E-01 -3.9020E-01  3.3756E-01 -3.9531E-01
   95.00  7.7001E-02 -4.5881E-01  6.8885E-01 -4.0755E-01  3.3206E-01 -4.1049E-01
   96.00  7.7249E-02 -4.4670E-01  6.8845E-01 -4.2425E-01  3.2662E-01 -4.2499E-01
   97.00  7.7535E-02 -4.3465E-01  6.8832E-01 -4.4041E-01  3.2118E-01 -4.3877E-01
   98.00  7.7838E-02 -4.2271E-01  6.8854E-01 -4.5614E-01  3.1569E-01 -4.5179E-01
   99.00  7.8145E-02 -4.1093E-01  6.8920E-01 -4.7157E-01  3.1013E-01 -4.6404E-01
  100.00  7.8444E-02 -3.9934E-01  6.9040E-01 -4.8680E-01  3.0449E-01 -4.7551E-01
  101.00  7.8733E-02 -3.8795E-01  6.9218E-01 -5.0190E-01  2.9879E-01 -4.8622E-01
  102.00  7.9013E-02 -3.7674E-01  6.9459E-01 -5.1692E-01  2.9306E-01 -4.9621E-01
  103.00  7.9290E-02 -3.6570E-01  6.9760E-01 -5.3188E-01  2.8732E-01 -5.0555E-01
  104.00  7.9571E-02 -3.5477E-01  7.0115E-01 -5.4675E-01  2.8160E-01 -5.1430E-01
  105.00  7.9863E-02 -3.4392E-01  7.0514E-01 -5.6148E-01  2.7589E-01 -5.2253E-01
  106.00  8.0170E-02 -3.3309E-01  7.0946E-01 -5.7598E-01  2.7018E-01 -5.3031E-01
  107.00  8.0495E-02 -3.2226E-01  7.1396E-01 -5.9016E-01  2.6446E-01 -5.3770E-01
  108.00  8.0838E-02 -3.1141E-01  7.1852E-01 -6.0393E-01  2.5870E-01 -5.4473E-01
  109.00  8.1198E-02 -3.0053E-01  7.2302E-01 -6.1719E-01  2.5287E-01 -5.5144E-01
  110.00  8.1572E-02 -2.8964E-01  7.2736E-01 -6.2985E-01  2.4695E-01 -5.5784E-01
  111.00  8.1958E-02 -2.7877E-01  7.3147E-01 -6.4186E-01  2.4093E-01 -5.6394E-01
  112.00  8.2353E-02 -2.6795E-01  7.3532E-01 -6.5319E-01  2.3482E-01 -5.6973E-01
  113.00  8.2756E-02 -2.5721E-01  7.3890E-01 -6.6382E-01  2.2863E-01 -5.7523E-01
  114.00  8.3166E-02 -2.4660E-01  7.4222E-01 -6.7375E-01  2.2239E-01 -5.8042E-01
  115.00  8.3585E-02 -2.3614E-01  7.4532E-01 -6.8302E-01  2.1613E-01 -5.8532E-01
  116.00  8.4012E-02 -2.2586E-01  7.4822E-01 -6.9166E-01  2.0988E-01 -5.8993E-01
  117.00  8.4448E-02 -2.1578E-01  7.5096E-01 -6.9970E-01  2.0365E-01 -5.9427E-01
  118.00  8.4894E-02 -2.0593E-01  7.5357E-01 -7.0720E-01  1.9747E-01 -5.9834E-01
  119.00  8.5348E-02 -1.9631E-01  7.5607E-01 -7.1419E-01  1.9133E-01 -6.0216E-01
  120.00  8.5810E-02 -1.8693E-01  7.5849E-01 -7.2071E-01  1.8525E-01 -6.0574E-01
  121.00  8.6276E-02 -1.7782E-01  7.6083E-01 -7.2679E-01  1.7921E-01 -6.0908E-01
  122.00  8.6744E-02 -1.6898E-01  7.6308E-01 -7.3245E-01  1.7321E-01 -6.1219E-01
  123.00  8.7212E-02 -1.6043E-01  7.6526E-01 -7.3772E-01  1.6723E-01 -6.1508E-01
  124.00  8.7676E-02 -1.5216E-01  7.6734E-01 -7.4260E-01  1.6128E-01 -6.1776E-01
  125.00  8.8133E-02 -1.4420E-01  7.6932E-01 -7.4712E-01  1.5534E-01 -6.2023E-01
  126.00  8.8584E-02 -1.3655E-01  7.7120E-01 -7.5128E-01  1.4943E-01 -6.2250E-01
  127.00  8.9025E-02 -1.2922E-01  7.7296E-01 -7.5511E-01  1.4355E-01 -6.2457E-01
  128.00  8.9458E-02 -1.2221E-01  7.7462E-01 -7.5862E-01  1.3771E-01 -6.2647E-01
  129.00  8.9882E-02 -1.1552E-01  7.7617E-01 -7.6184E-01  1.3192E-01 -6.2820E-01
  130.00  9.0298E-02 -1.0914E-01  7.7761E-01 -7.6478E-01  1.2621E-01 -6.2977E-01
  131.00  9.0709E-02 -1.0306E-01  7.7896E-01 -7.6747E-01  1.2060E-01 -6.3121E-01
  132.00  9.1113E-02 -9.7277E-02  7.8022E-01 -7.6993E-01  1.1509E-01 -6.3251E-01
  133.00  9.1514E-02 -9.1771E-02  7.8140E-01 -7.7220E-01  1.0970E-01 -6.3369E-01
  134.00  9.1912E-02 -8.6528E-02  7.8252E-01 -7.7430E-01  1.0446E-01 -6.3477E-01
  135.00  9.2306E-02 -8.1533E-02  7.8357E-01 -7.7624E-01  9.9355E-02 -6.3575E-01
  136.00  9.2697E-02 -7.6770E-02  7.8458E-01 -7.7806E-01  9.4404E-02 -6.3663E-01
  137.00  9.3085E-02 -7.2225E-02  7.8555E-01 -7.7977E-01  8.9607E-02 -6.3742E-01
  138.00  9.3470E-02 -6.7888E-02  7.8648E-01 -7.8138E-01  8.4964E-02 -6.3813E-01
  139.00  9.3849E-02 -6.3749E-02  7.8738E-01 -7.8292E-01  8.0474E-02 -6.3875E-01
  140.00  9.4222E-02 -5.9800E-02  7.8827E-01 -7.8438E-01  7.6133E-02 -6.3928E-01
  141.00  9.4589E-02 -5.6036E-02  7.8913E-01 -7.8578E-01  7.1938E-02 -6.3973E-01
  142.00  9.4947E-02 -5.2453E-02  7.8999E-01 -7.8712E-01  6.7885E-02 -6.4009E-01
  143.00  9.5297E-02 -4.9049E-02  7.9084E-01 -7.8841E-01  6.3971E-02 -6.4038E-01
  144.00  9.5636E-02 -4.5820E-02  7.9168E-01 -7.8964E-01  6.0191E-02 -6.4058E-01
  145.00  9.5966E-02 -4.2765E-02  7.9253E-01 -7.9084E-01  5.6543E-02 -6.4071E-01
  146.00  9.6286E-02 -3.9879E-02  7.9338E-01 -7.9199E-01  5.3025E-02 -6.4077E-01
  147.00  9.6595E-02 -3.7156E-02  7.9423E-01 -7.9310E-01  4.9634E-02 -6.4077E-01
  148.00  9.6894E-02 -3.4592E-02  7.9509E-01 -7.9418E-01  4.6369E-02 -6.4072E-01
  149.00  9.7183E-02 -3.2177E-02  7.9596E-01 -7.9523E-01  4.3227E-02 -6.4062E-01
  150.00  9.7462E-02 -2.9902E-02  7.9685E-01 -7.9626E-01  4.0205E-02 -6.4050E-01
  151.00  9.7733E-02 -2.7757E-02  7.9774E-01 -7.9727E-01  3.7301E-02 -6.4035E-01
  152.00  9.7995E-02 -2.5733E-02  7.9865E-01 -7.9826E-01  3.4511E-02 -6.4018E-01
  153.00  9.8249E-02 -2.3818E-02  7.9957E-01 -7.9924E-01  3.1832E-02 -6.4002E-01
  154.00  9.8496E-02 -2.2002E-02  8.0050E-01 -8.0021E-01  2.9260E-02 -6.3985E-01
  155.00  9.8737E-02 -2.0278E-02  8.0143E-01 -8.0118E-01  2.6793E-02 -6.3970E-01
  156.00  9.8973E-02 -1.8638E-02  8.0238E-01 -8.0215E-01  2.4429E-02 -6.3955E-01
  157.00  9.9204E-02 -1.7075E-02  8.0332E-01 -8.0311E-01  2.2167E-02 -6.3942E-01
  158.00  9.9431E-02 -1.5587E-02  8.0427E-01 -8.0407E-01  2.0009E-02 -6.3931E-01
  159.00  9.9655E-02 -1.4170E-02  8.0522E-01 -8.0503E-01  1.7955E-02 -6.3921E-01
  160.00  9.9875E-02 -1.2824E-02  8.0615E-01 -8.0599E-01  1.6010E-02 -6.3912E-01
  161.00  1.0009E-01 -1.1547E-02  8.0708E-01 -8.0693E-01  1.4178E-02 -6.3905E-01
  162.00  1.0031E-01 -1.0340E-02  8.0800E-01 -8.0787E-01  1.2462E-02 -6.3897E-01
  163.00  1.0052E-01 -9.2042E-03  8.0890E-01 -8.0879E-01  1.0867E-02 -6.3890E-01
  164.00  1.0073E-01 -8.1388E-03  8.0978E-01 -8.0969E-01  9.3970E-03 -6.3883E-01
  165.00  1.0093E-01 -7.1440E-03  8.1064E-01 -8.1056E-01  8.0528E-03 -6.3874E-01
  166.00  1.0112E-01 -6.2191E-03  8.1147E-01 -8.1141E-01  6.8347E-03 -6.3865E-01
  167.00  1.0131E-01 -5.3629E-03  8.1227E-01 -8.1223E-01  5.7406E-03 -6.3854E-01
  168.00  1.0149E-01 -4.5736E-03  8.1305E-01 -8.1302E-01  4.7665E-03 -6.3841E-01
  169.00  1.0166E-01 -3.8494E-03  8.1379E-01 -8.1377E-01  3.9063E-03 -6.3827E-01
  170.00  1.0181E-01 -3.1886E-03  8.1449E-01 -8.1448E-01  3.1532E-03 -6.3812E-01
  171.00  1.0195E-01 -2.5898E-03  8.1515E-01 -8.1515E-01  2.4992E-03 -6.3795E-01
  172.00  1.0208E-01 -2.0524E-03  8.1577E-01 -8.1576E-01  1.9365E-03 -6.3777E-01
  173.00  1.0219E-01 -1.5760E-03  8.1634E-01 -8.1633E-01  1.4573E-03 -6.3759E-01
  174.00  1.0229E-01 -1.1611E-03  8.1685E-01 -8.1684E-01  1.0551E-03 -6.3741E-01
  175.00  1.0237E-01 -8.0823E-04  8.1729E-01 -8.1729E-01  7.2376E-04 -6.3723E-01
  176.00  1.0244E-01 -5.1827E-04  8.1767E-01 -8.1767E-01  4.5867E-04 -6.3707E-01
  177.00  1.0249E-01 -2.9195E-04  8.1798E-01 -8.1798E-01  2.5607E-04 -6.3694E-01
  178.00  1.0252E-01 -1.2988E-04  8.1820E-01 -8.1820E-01  1.1321E-04 -6.3684E-01
  179.00  1.0255E-01 -3.2489E-05  8.1833E-01 -8.1833E-01  2.8213E-05 -6.3678E-01
  180.00  1.0255E-01 -8.0536E-16  8.1838E-01 -8.1838E-01  6.9849E-16 -6.3675E-01
 random orientation scattering matrix expansion coefficients
    n       11          12          13          14          22          23          24          33          34          44
    0  1.0000E+00  0.0000E+00  0.0000E+00 -7.1617E-04  0.0000E+00  0.0000E+00  0.0000E+00  0.0000E+00  0.0000E+00  5.8523E-01
    1  1.7327E+00  0.0000E+00  0.0000E+00 -2.1748E-03  0.0000E+00  0.0000E+00  0.0000E+00  0.0000E+00  0.0000E+00  1.9892E+00
    2  2.3700E+00 -4.1082E-01  1.5677E-03 -1.7407E-03  4.1629E-01 -4.3979E-06 -4.9584E-04  3.2051E+00  1.8044E-01  2.3427E+00
    3  2.3893E+00 -3.8644E-01  2.9977E-04 -1.8847E-03  1.1345E-01  1.6847E-06  3.2524E-05  2.9183E+00 -2.3231E-03  2.3308E+00
    4  2.2269E+00 -2.9924E-01 -3.7423E-06 -2.6611E-03  5.3536E-02  2.5902E-06  8.2611E-04  2.5464E+00 -1.3541E-01  2.1638E+00
    5  2.0604E+00 -2.0423E-01 -9.9598E-04 -1.8652E-03  4.5511E-02  2.4017E-06  5.3482E-04  2.2399E+00 -2.4350E-01  1.9879E+00
    6  1.9321E+00 -1.0780E-01  4.5230E-04 -2.3767E-03  2.6203E-02  2.4971E-06  7.0667E-06  2.0291E+00 -3.1009E-01  1.8603E+00
    7  1.8253E+00 -5.3360E-02 -4.0114E-04 -2.9510E-03  2.9039E-03  1.0487E-06  2.4198E-04  1.8890E+00 -3.2525E-01  1.7645E+00
    8  1.7289E+00 -3.4478E-02 -9.2939E-04 -3.0504E-03  5.7932E-03 -6.3858E-07 -3.9228E-04  1.7752E+00 -3.2597E-01  1.6765E+00
    9  1.6403E+00 -1.8986E-02 -2.7193E-04 -1.8873E-03  1.1009E-02 -6.4426E-07 -2.9174E-04  1.6722E+00 -3.2622E-01  1.5929E+00
   10  1.5623E+00 -5.9567E-03  4.9258E-04 -1.5507E-03  1.0732E-02 -1.0088E-06 -1.0022E-06  1.5807E+00 -3.2224E-01  1.5116E+00
   11  1.4863E+00  7.2504E-04 -3.5398E-04 -1.7875E-03  9.1123E-03 -8.7960E-07  5.4754E-04  1.4973E+00 -3.1282E-01  1.4367E+00
   12  1.4116E+00  5.2710E-03 -9.9925E-04 -1.7562E-03  1.1549E-02  7.7416E-07  4.6915E-04  1.4185E+00 -3.0251E-01  1.3661E+00
   13  1.3395E+00  9.9478E-03 -4.7783E-04 -1.4675E-03  1.3434E-02  5.3238E-07  3.4144E-04  1.3442E+00 -2.9167E-01  1.2983E+00
   14  1.2700E+00  1.2645E-02 -6.4459E-04 -1.1558E-03  1.4040E-02 -1.7990E-06  2.7257E-04  1.2728E+00 -2.7930E-01  1.2320E+00
   15  1.2003E+00  1.3547E-02 -1.0948E-03 -6.5242E-04  1.2949E-02 -1.2243E-06  2.8265E-04  1.2026E+00 -2.6470E-01  1.1671E+00
   16  1.1341E+00  1.4468E-02 -6.2436E-04 -1.2764E-04  1.1991E-02  3.0666E-07  3.3503E-05  1.1346E+00 -2.5324E-01  1.1021E+00
   17  1.0728E+00  1.6898E-02  3.3249E-04 -3.2808E-04  1.2418E-02 -7.1164E-08 -8.9443E-06  1.0700E+00 -2.4522E-01  1.0387E+00
   18  1.0130E+00  2.0540E-02  7.0074E-04 -8.2221E-04  1.3618E-02 -2.6877E-07  1.0678E-04  1.0098E+00 -2.3611E-01  9.8226E-01
   19  9.5512E-01  2.2811E-02  3.3721E-04 -6.6863E-04  1.3581E-02 -1.1804E-07  2.8713E-04  9.5285E-01 -2.2372E-01  9.2957E-01
   20  9.0000E-01  2.2780E-02  1.2556E-04 -3.4257E-05  1.0873E-02  3.8607E-07  5.7758E-04  8.9721E-01 -2.0999E-01  8.7567E-01
   21  8.4705E-01  2.1742E-02 -1.1267E-04  2.7262E-04  8.9731E-03  7.5947E-07  9.1386E-04  8.4247E-01 -1.9735E-01  8.2074E-01
   22  7.9481E-01  2.1503E-02 -3.3474E-04  1.6144E-04  9.4366E-03  5.9477E-07  9.2626E-04  7.8962E-01 -1.8623E-01  7.6878E-01
   23  7.4354E-01  2.2355E-02 -5.6022E-04 -7.1350E-05  9.5719E-03  2.7142E-07  5.8617E-04  7.3904E-01 -1.7517E-01  7.2046E-01
   24  6.9400E-01  2.2871E-02 -4.3379E-04 -1.6896E-04  8.8370E-03  1.8044E-07  1.2052E-04  6.8962E-01 -1.6364E-01  6.7260E-01
   25  6.4495E-01  2.2467E-02 -5.5803E-06 -9.3248E-05  8.3808E-03  2.8771E-07 -3.8512E-04  6.4019E-01 -1.5191E-01  6.2384E-01
   26  5.9491E-01  2.1273E-02  3.3482E-04  2.7320E-05  7.5844E-03  5.1862E-07 -8.0348E-04  5.9080E-01 -1.3925E-01  5.7596E-01
   27  5.4604E-01  1.9787E-02  3.5778E-04  1.3541E-04  6.3010E-03  3.0930E-07 -8.5493E-04  5.4256E-01 -1.2606E-01  5.2937E-01
   28  5.0027E-01  1.8533E-02  2.5445E-04  2.9098E-04  5.2020E-03 -1.2582E-07 -5.2304E-04  4.9636E-01 -1.1339E-01  4.8374E-01
   29  4.5609E-01  1.7330E-02  1.9868E-04  4.9848E-04  4.3291E-03 -1.0169E-07 -1.5448E-04  4.5190E-01 -1.0130E-01  4.3971E-01
   30  4.1203E-01  1.5785E-02  1.3562E-04  6.0063E-04  3.8060E-03  1.7566E-07  8.3873E-06  4.0853E-01 -8.9769E-02  3.9752E-01
   31  3.6874E-01  1.3982E-02  1.7074E-06  5.0524E-04  3.8926E-03  1.7846E-07  4.2681E-05  3.6610E-01 -7.9440E-02  3.5649E-01
   32  3.2672E-01  1.1934E-02 -1.2620E-04  3.0994E-04  4.0388E-03  1.0564E-07  9.4906E-05  3.2473E-01 -7.0232E-02  3.1631E-01
   33  2.8580E-01  9.4203E-03 -1.5185E-04  1.5696E-04  3.4952E-03  1.3551E-07  1.6658E-04  2.8461E-01 -6.1274E-02  2.7748E-01
   34  2.4702E-01  6.9102E-03 -8.9146E-05  8.5707E-05  2.4977E-03  1.3779E-07  1.8765E-04  2.4668E-01 -5.2474E-02  2.4098E-01
   35  2.1236E-01  5.4163E-03 -1.3783E-05  5.0293E-05  1.7041E-03  4.8632E-08  1.4080E-04  2.1246E-01 -4.4457E-02  2.0795E-01
   36  1.8221E-01  5.0525E-03  2.2537E-05  7.2295E-06  1.1859E-03 -1.7073E-08  7.0930E-05  1.8243E-01 -3.7122E-02  1.7880E-01
   37  1.5455E-01  4.5985E-03  2.2970E-05 -4.0660E-05  5.6846E-04 -1.6616E-08  2.2705E-05  1.5512E-01 -2.9517E-02  1.5232E-01
   38  1.2699E-01  2.8696E-03  1.1796E-05 -7.0906E-05 -2.1960E-04  1.6545E-08  4.2805E-06  1.2825E-01 -2.1184E-02  1.2637E-01
   39  9.8931E-02 -8.9821E-06  3.7494E-06 -7.4486E-05 -8.5226E-04  3.3520E-08  2.6962E-06  1.0083E-01 -1.2928E-02  9.9770E-02
   40  7.1946E-02 -2.8389E-03  1.4395E-06 -5.9256E-05 -1.0396E-03  3.1334E-08  4.9921E-06  7.4019E-02 -6.1418E-03  7.3474E-02
   41  4.8423E-02 -4.5004E-03  1.7621E-06 -3.8462E-05 -8.1930E-04  2.1177E-08  5.3253E-06  5.0174E-02 -1.6967E-03  4.9820E-02
   42  3.0059E-02 -4.6980E-03  2.0418E-06 -2.1044E-05 -4.4000E-04  1.4815E-08  4.0405E-06  3.1242E-02  4.8999E-04  3.0911E-02
   43  1.7205E-02 -3.8729E-03  1.8526E-06 -9.8289E-06 -1.2542E-04  1.0354E-08  2.2711E-06  1.7852E-02  1.1278E-03  1.7526E-02
   44  9.0929E-03 -2.6874E-03  1.2539E-06 -3.9463E-06  4.3206E-05  7.3680E-09  1.0232E-06  9.3740E-03  1.0062E-03  9.0941E-03
   45  4.4472E-03 -1.6222E-03  7.2424E-07 -1.3543E-06  9.1963E-05  4.4072E-09  3.5734E-07  4.5360E-03  6.6949E-04  4.3318E-03
   46  2.0180E-03 -8.6944E-04  3.4664E-07 -3.8971E-07  8.0045E-05  2.3420E-09  9.1202E-08  2.0290E-03  3.7280E-04  1.9005E-03
   47  8.5140E-04 -4.1953E-04  1.4537E-07 -8.8051E-08  5.1851E-05  1.0447E-09  1.1240E-08  8.4131E-04  1.8156E-04  7.7031E-04
   48  3.3448E-04 -1.8396E-04  5.2169E-08 -1.1349E-08  2.8011E-05  4.0909E-10 -4.3760E-09  3.2402E-04  7.9025E-05  2.8904E-04
   49  1.2240E-04 -7.3726E-05  1.6228E-08  3.0850E-09  1.3165E-05  1.3374E-10 -4.4136E-09  1.1601E-04  3.1107E-05  1.0050E-04
   50  4.1684E-05 -2.7089E-05  4.1733E-09  2.6278E-09  5.4961E-06  3.6043E-11 -1.9434E-09  3.8597E-05  1.1144E-05  3.2369E-05
   51  1.3182E-05 -9.1297E-06  8.8981E-10  1.5129E-09  2.0568E-06  6.9844E-12 -9.1416E-10  1.1913E-05  3.6449E-06  9.6437E-06
   52  3.8602E-06 -2.8206E-06  1.0253E-10  4.9494E-10  6.9351E-07  4.7827E-13 -2.5002E-10  3.4034E-06  1.0890E-06  2.6522E-06
   53  1.0416E-06 -7.9626E-07 -7.5908E-13  1.9126E-10  2.1079E-07 -3.6779E-13 -9.9856E-11  8.9592E-07  2.9701E-07  6.7058E-07
   54  2.5844E-07 -2.0520E-07 -1.1083E-11  4.4277E-11  5.7824E-08 -2.4106E-13 -1.9471E-11  2.1697E-07  7.3856E-08  1.5571E-07
   55  5.8304E-08 -4.7810E-08 -3.2189E-12  1.3463E-11  1.4219E-08 -1.0130E-13 -6.8204E-12  4.7807E-08  1.6626E-08  3.2842E-08
   56  1.2030E-08 -1.0136E-08 -1.1562E-12  2.2891E-12  3.1555E-09 -2.7992E-14 -9.4212E-13  9.6468E-09  3.4056E-09  6.3384E-09
   57  2.1953E-09 -1.8930E-09 -2.0019E-13  5.5899E-13  6.1359E-10 -7.0883E-15 -2.8676E-13  1.7227E-09  6.1608E-10  1.0808E-09
   58  3.6687E-10 -3.2258E-10 -4.7317E-14  6.6449E-14  1.0822E-10 -1.5747E-15 -2.5278E-14  2.8215E-10  1.0176E-10  1.6901E-10
   59  5.0276E-11 -4.4963E-11 -5.4301E-15  1.2989E-14  1.5554E-11 -3.3559E-16 -6.7325E-15  3.7935E-11  1.3782E-11  2.1673E-11
   60  6.5009E-12 -5.9016E-12 -1.0433E-15  9.2172E-16  2.0979E-12 -2.9415E-17 -2.3101E-16  4.8203E-12  1.7599E-12  2.6179E-12
   61  5.2248E-13 -4.8090E-13 -7.5912E-17  1.3187E-16  1.7460E-13 -1.0886E-18 -6.4215E-17  3.8107E-13  1.3990E-13  1.9316E-13
   62  5.1953E-14 -4.8517E-14 -4.1227E-18  2.8700E-18  1.8280E-14  7.1921E-19 -1.4335E-18  3.7242E-14  1.3811E-14  1.7915E-14
