****************************************************
****************************************************
 mstm calculation results
 date, time:
20220920 103424.032 
 input file:
packed_cluster_30.inp
****************************************************
 input variables for run     1
 sphere data input file:
packed_cluster_30_config.pos
 number spheres
   30
 length, ref index scale factors
  1.2670000E+00  1.0400000E+00  1.8330000E+00
 volume cluster radius, area mean sphere radius, circumscribing radius, cross section radius
  3.9368580E+00  1.2670000E+00  5.7416054E+00  3.9368580E+00
 random orientation, estimated t matrix order:
    13
 layer 0 refractive index
  1.0000E+00  0.0000E+00
 number of plane boundaries 
  0
 max_iterations,solution_epsilon, mie_epsilon
     10000  1.0000E-06  1.0000E-06
 maximum Mie order, number of equations:
   5      2100
 mean sphere Mie extinction, absorption efficiencies
  3.4770E+00  1.6863E+00
****************************************************
 calculation results for run 
           1
 number iterations, error, solution time 
     0  0.0000E+00  1.3765E+01
 t matrix order:
    12
 total extinction, absorption, scattering efficiencies (unpolarized incidence)
  3.6400E+00  1.7842E+00  1.8558E+00
 total scattering
 number directions, number SM elements:
   181     6
   theta     11          12          22          33          34          44     
    0.00  7.0154E+00  0.0000E+00  9.9953E-01  9.9953E-01  0.0000E+00  9.9916E-01
    1.00  6.9987E+00 -3.2793E-04  9.9953E-01  9.9953E-01  2.6585E-04  9.9916E-01
    2.00  6.9489E+00 -1.3129E-03  9.9953E-01  9.9952E-01  1.0647E-03  9.9915E-01
    3.00  6.8665E+00 -2.9587E-03  9.9952E-01  9.9951E-01  2.4005E-03  9.9914E-01
    4.00  6.7527E+00 -5.2712E-03  9.9951E-01  9.9949E-01  4.2798E-03  9.9911E-01
    5.00  6.6088E+00 -8.2593E-03  9.9950E-01  9.9944E-01  6.7119E-03  9.9906E-01
    6.00  6.4367E+00 -1.1934E-02  9.9948E-01  9.9936E-01  9.7089E-03  9.9897E-01
    7.00  6.2385E+00 -1.6310E-02  9.9946E-01  9.9924E-01  1.3286E-02  9.9884E-01
    8.00  6.0166E+00 -2.1404E-02  9.9943E-01  9.9905E-01  1.7461E-02  9.9865E-01
    9.00  5.7736E+00 -2.7236E-02  9.9941E-01  9.9879E-01  2.2255E-02  9.9838E-01
   10.00  5.5124E+00 -3.3830E-02  9.9937E-01  9.9841E-01  2.7694E-02  9.9799E-01
   11.00  5.2361E+00 -4.1214E-02  9.9933E-01  9.9790E-01  3.3806E-02  9.9747E-01
   12.00  4.9476E+00 -4.9420E-02  9.9928E-01  9.9723E-01  4.0623E-02  9.9678E-01
   13.00  4.6501E+00 -5.8483E-02  9.9923E-01  9.9634E-01  4.8182E-02  9.9588E-01
   14.00  4.3469E+00 -6.8446E-02  9.9916E-01  9.9520E-01  5.6526E-02  9.9472E-01
   15.00  4.0408E+00 -7.9357E-02  9.9909E-01  9.9374E-01  6.5700E-02  9.9324E-01
   16.00  3.7349E+00 -9.1269E-02  9.9900E-01  9.9191E-01  7.5756E-02  9.9137E-01
   17.00  3.4319E+00 -1.0424E-01  9.9889E-01  9.8961E-01  8.6752E-02  9.8903E-01
   18.00  3.1346E+00 -1.1835E-01  9.9876E-01  9.8675E-01  9.8752E-02  9.8613E-01
   19.00  2.8452E+00 -1.3368E-01  9.9861E-01  9.8323E-01  1.1183E-01  9.8255E-01
   20.00  2.5659E+00 -1.5031E-01  9.9843E-01  9.7889E-01  1.2605E-01  9.7815E-01
   21.00  2.2987E+00 -1.6835E-01  9.9822E-01  9.7358E-01  1.4151E-01  9.7275E-01
   22.00  2.0450E+00 -1.8793E-01  9.9795E-01  9.6708E-01  1.5829E-01  9.6615E-01
   23.00  1.8061E+00 -2.0919E-01  9.9763E-01  9.5915E-01  1.7648E-01  9.5809E-01
   24.00  1.5832E+00 -2.3227E-01  9.9724E-01  9.4947E-01  1.9618E-01  9.4826E-01
   25.00  1.3768E+00 -2.5737E-01  9.9675E-01  9.3767E-01  2.1746E-01  9.3624E-01
   26.00  1.1875E+00 -2.8469E-01  9.9614E-01  9.2325E-01  2.4041E-01  9.2156E-01
   27.00  1.0153E+00 -3.1447E-01  9.9536E-01  9.0562E-01  2.6506E-01  9.0358E-01
   28.00  8.6018E-01 -3.4696E-01  9.9438E-01  8.8399E-01  2.9139E-01  8.8151E-01
   29.00  7.2184E-01 -3.8244E-01  9.9312E-01  8.5741E-01  3.1928E-01  8.5433E-01
   30.00  5.9973E-01 -4.2117E-01  9.9149E-01  8.2462E-01  3.4845E-01  8.2076E-01
   31.00  4.9317E-01 -4.6341E-01  9.8934E-01  7.8404E-01  3.7831E-01  7.7914E-01
   32.00  4.0132E-01 -5.0926E-01  9.8651E-01  7.3371E-01  4.0783E-01  7.2739E-01
   33.00  3.2319E-01 -5.5862E-01  9.8272E-01  6.7119E-01  4.3524E-01  6.6295E-01
   34.00  2.5776E-01 -6.1084E-01  9.7764E-01  5.9366E-01  4.5756E-01  5.8281E-01
   35.00  2.0389E-01 -6.6441E-01  9.7080E-01  4.9820E-01  4.7009E-01  4.8376E-01
   36.00  1.6044E-01 -7.1619E-01  9.6165E-01  3.8256E-01  4.6565E-01  3.6325E-01
   37.00  1.2625E-01 -7.6067E-01  9.4959E-01  2.4691E-01  4.3414E-01  2.2108E-01
   38.00  1.0016E-01 -7.8922E-01  9.3423E-01  9.6887E-02  3.6330E-01  6.2643E-02
   39.00  8.1053E-02 -7.9072E-01  9.1585E-01 -5.2601E-02  2.4230E-01 -9.7068E-02
   40.00  6.7857E-02 -7.5519E-01  8.9588E-01 -1.7579E-01  6.9436E-02 -2.3154E-01
   41.00  5.9563E-02 -6.8063E-01  8.7709E-01 -2.4233E-01 -1.3925E-01 -3.0891E-01
   42.00  5.5236E-02 -5.7843E-01  8.6264E-01 -2.3266E-01 -3.4987E-01 -3.0780E-01
   43.00  5.4022E-02 -4.7017E-01  8.5442E-01 -1.5121E-01 -5.2520E-01 -2.3147E-01
   44.00  5.5156E-02 -3.7661E-01  8.5219E-01 -2.3224E-02 -6.4307E-01 -1.0523E-01
   45.00  5.7964E-02 -3.0909E-01  8.5422E-01  1.2102E-01 -7.0195E-01  3.9776E-02
   46.00  6.1862E-02 -2.6912E-01  8.5845E-01  2.5903E-01 -7.1339E-01  1.7993E-01
   47.00  6.6359E-02 -2.5266E-01  8.6328E-01  3.7913E-01 -6.9226E-01  3.0263E-01
   48.00  7.1047E-02 -2.5409E-01  8.6775E-01  4.7756E-01 -6.5114E-01  4.0358E-01
   49.00  7.5601E-02 -2.6828E-01  8.7134E-01  5.5486E-01 -5.9891E-01  4.8300E-01
   50.00  7.9771E-02 -2.9122E-01  8.7385E-01  6.1324E-01 -5.4125E-01  5.4298E-01
   51.00  8.3377E-02 -3.1998E-01  8.7520E-01  6.5527E-01 -4.8155E-01  5.8605E-01
   52.00  8.6298E-02 -3.5249E-01  8.7541E-01  6.8330E-01 -4.2174E-01  6.1454E-01
   53.00  8.8465E-02 -3.8727E-01  8.7452E-01  6.9925E-01 -3.6292E-01  6.3040E-01
   54.00  8.9856E-02 -4.2321E-01  8.7256E-01  7.0460E-01 -3.0568E-01  6.3514E-01
   55.00  9.0482E-02 -4.5948E-01  8.6956E-01  7.0050E-01 -2.5034E-01  6.2992E-01
   56.00  9.0386E-02 -4.9539E-01  8.6555E-01  6.8780E-01 -1.9715E-01  6.1559E-01
   57.00  8.9633E-02 -5.3031E-01  8.6054E-01  6.6712E-01 -1.4632E-01  5.9282E-01
   58.00  8.8299E-02 -5.6367E-01  8.5453E-01  6.3898E-01 -9.8068E-02  5.6211E-01
   59.00  8.6476E-02 -5.9490E-01  8.4753E-01  6.0379E-01 -5.2691E-02  5.2390E-01
   60.00  8.4254E-02 -6.2345E-01  8.3954E-01  5.6196E-01 -1.0550E-02  4.7859E-01
   61.00  8.1728E-02 -6.4875E-01  8.3059E-01  5.1392E-01  2.7923E-02  4.2663E-01
   62.00  7.8988E-02 -6.7025E-01  8.2068E-01  4.6019E-01  6.2228E-02  3.6855E-01
   63.00  7.6119E-02 -6.8743E-01  8.0987E-01  4.0139E-01  9.1816E-02  3.0500E-01
   64.00  7.3195E-02 -6.9982E-01  7.9820E-01  3.3830E-01  1.1611E-01  2.3680E-01
   65.00  7.0285E-02 -7.0704E-01  7.8577E-01  2.7188E-01  1.3456E-01  1.6492E-01
   66.00  6.7446E-02 -7.0884E-01  7.7269E-01  2.0323E-01  1.4666E-01  9.0556E-02
   67.00  6.4724E-02 -7.0515E-01  7.5910E-01  1.3365E-01  1.5201E-01  1.5056E-02
   68.00  6.2156E-02 -6.9606E-01  7.4518E-01  6.4550E-02  1.5039E-01 -6.0085E-02
   69.00  5.9769E-02 -6.8191E-01  7.3112E-01 -2.5912E-03  1.4177E-01 -1.3329E-01
   70.00  5.7583E-02 -6.6326E-01  7.1714E-01 -6.6291E-02  1.2638E-01 -2.0298E-01
   71.00  5.5606E-02 -6.4088E-01  7.0345E-01 -1.2516E-01  1.0471E-01 -2.6766E-01
   72.00  5.3844E-02 -6.1572E-01  6.9029E-01 -1.7799E-01  7.7508E-02 -3.2601E-01
   73.00  5.2294E-02 -5.8885E-01  6.7784E-01 -2.2383E-01  4.5769E-02 -3.7700E-01
   74.00  5.0949E-02 -5.6141E-01  6.6630E-01 -2.6205E-01  1.0671E-02 -4.1990E-01
   75.00  4.9800E-02 -5.3452E-01  6.5580E-01 -2.9240E-01 -2.6487E-02 -4.5438E-01
   76.00  4.8835E-02 -5.0921E-01  6.4645E-01 -3.1497E-01 -6.4361E-02 -4.8050E-01
   77.00  4.8038E-02 -4.8635E-01  6.3831E-01 -3.3022E-01 -1.0164E-01 -4.9866E-01
   78.00  4.7395E-02 -4.6662E-01  6.3141E-01 -3.3888E-01 -1.3712E-01 -5.0958E-01
   79.00  4.6891E-02 -4.5050E-01  6.2574E-01 -3.4190E-01 -1.6974E-01 -5.1420E-01
   80.00  4.6511E-02 -4.3821E-01  6.2124E-01 -3.4038E-01 -1.9866E-01 -5.1365E-01
   81.00  4.6240E-02 -4.2977E-01  6.1787E-01 -3.3551E-01 -2.2324E-01 -5.0911E-01
   82.00  4.6067E-02 -4.2500E-01  6.1553E-01 -3.2845E-01 -2.4305E-01 -5.0179E-01
   83.00  4.5978E-02 -4.2354E-01  6.1414E-01 -3.2030E-01 -2.5790E-01 -4.9281E-01
   84.00  4.5964E-02 -4.2494E-01  6.1361E-01 -3.1209E-01 -2.6778E-01 -4.8324E-01
   85.00  4.6014E-02 -4.2863E-01  6.1384E-01 -3.0469E-01 -2.7284E-01 -4.7397E-01
   86.00  4.6121E-02 -4.3401E-01  6.1475E-01 -2.9881E-01 -2.7337E-01 -4.6577E-01
   87.00  4.6278E-02 -4.4046E-01  6.1625E-01 -2.9501E-01 -2.6979E-01 -4.5921E-01
   88.00  4.6478E-02 -4.4737E-01  6.1827E-01 -2.9370E-01 -2.6257E-01 -4.5474E-01
   89.00  4.6716E-02 -4.5416E-01  6.2073E-01 -2.9510E-01 -2.5225E-01 -4.5263E-01
   90.00  4.6988E-02 -4.6032E-01  6.2358E-01 -2.9933E-01 -2.3940E-01 -4.5301E-01
   91.00  4.7288E-02 -4.6540E-01  6.2674E-01 -3.0636E-01 -2.2461E-01 -4.5589E-01
   92.00  4.7615E-02 -4.6904E-01  6.3016E-01 -3.1606E-01 -2.0842E-01 -4.6118E-01
   93.00  4.7963E-02 -4.7096E-01  6.3380E-01 -3.2823E-01 -1.9139E-01 -4.6870E-01
   94.00  4.8330E-02 -4.7096E-01  6.3761E-01 -3.4259E-01 -1.7400E-01 -4.7820E-01
   95.00  4.8712E-02 -4.6892E-01  6.4154E-01 -3.5882E-01 -1.5671E-01 -4.8939E-01
   96.00  4.9106E-02 -4.6482E-01  6.4555E-01 -3.7656E-01 -1.3991E-01 -5.0194E-01
   97.00  4.9508E-02 -4.5869E-01  6.4961E-01 -3.9545E-01 -1.2394E-01 -5.1553E-01
   98.00  4.9916E-02 -4.5061E-01  6.5368E-01 -4.1513E-01 -1.0907E-01 -5.2982E-01
   99.00  5.0326E-02 -4.4074E-01  6.5773E-01 -4.3526E-01 -9.5507E-02 -5.4449E-01
  100.00  5.0734E-02 -4.2925E-01  6.6174E-01 -4.5551E-01 -8.3406E-02 -5.5925E-01
  101.00  5.1138E-02 -4.1637E-01  6.6568E-01 -4.7560E-01 -7.2864E-02 -5.7382E-01
  102.00  5.1535E-02 -4.0232E-01  6.6952E-01 -4.9526E-01 -6.3929E-02 -5.8797E-01
  103.00  5.1921E-02 -3.8735E-01  6.7326E-01 -5.1429E-01 -5.6604E-02 -6.0150E-01
  104.00  5.2294E-02 -3.7170E-01  6.7687E-01 -5.3249E-01 -5.0852E-02 -6.1425E-01
  105.00  5.2652E-02 -3.5561E-01  6.8035E-01 -5.4974E-01 -4.6605E-02 -6.2609E-01
  106.00  5.2993E-02 -3.3931E-01  6.8369E-01 -5.6593E-01 -4.3769E-02 -6.3692E-01
  107.00  5.3315E-02 -3.2302E-01  6.8688E-01 -5.8099E-01 -4.2227E-02 -6.4670E-01
  108.00  5.3617E-02 -3.0691E-01  6.8993E-01 -5.9489E-01 -4.1849E-02 -6.5538E-01
  109.00  5.3899E-02 -2.9118E-01  6.9283E-01 -6.0761E-01 -4.2493E-02 -6.6297E-01
  110.00  5.4160E-02 -2.7597E-01  6.9559E-01 -6.1918E-01 -4.4012E-02 -6.6947E-01
  111.00  5.4401E-02 -2.6140E-01  6.9822E-01 -6.2963E-01 -4.6255E-02 -6.7494E-01
  112.00  5.4623E-02 -2.4757E-01  7.0072E-01 -6.3902E-01 -4.9073E-02 -6.7942E-01
  113.00  5.4826E-02 -2.3458E-01  7.0310E-01 -6.4740E-01 -5.2321E-02 -6.8298E-01
  114.00  5.5012E-02 -2.2246E-01  7.0538E-01 -6.5486E-01 -5.5860E-02 -6.8569E-01
  115.00  5.5184E-02 -2.1126E-01  7.0756E-01 -6.6148E-01 -5.9557E-02 -6.8762E-01
  116.00  5.5342E-02 -2.0099E-01  7.0967E-01 -6.6735E-01 -6.3291E-02 -6.8887E-01
  117.00  5.5490E-02 -1.9164E-01  7.1170E-01 -6.7256E-01 -6.6952E-02 -6.8952E-01
  118.00  5.5630E-02 -1.8320E-01  7.1369E-01 -6.7719E-01 -7.0438E-02 -6.8965E-01
  119.00  5.5764E-02 -1.7562E-01  7.1564E-01 -6.8134E-01 -7.3665E-02 -6.8934E-01
  120.00  5.5897E-02 -1.6887E-01  7.1757E-01 -6.8508E-01 -7.6559E-02 -6.8868E-01
  121.00  5.6029E-02 -1.6288E-01  7.1949E-01 -6.8851E-01 -7.9058E-02 -6.8774E-01
  122.00  5.6164E-02 -1.5759E-01  7.2140E-01 -6.9168E-01 -8.1115E-02 -6.8659E-01
  123.00  5.6304E-02 -1.5292E-01  7.2333E-01 -6.9467E-01 -8.2696E-02 -6.8528E-01
  124.00  5.6452E-02 -1.4879E-01  7.2529E-01 -6.9753E-01 -8.3779E-02 -6.8388E-01
  125.00  5.6610E-02 -1.4513E-01  7.2727E-01 -7.0032E-01 -8.4353E-02 -6.8243E-01
  126.00  5.6779E-02 -1.4185E-01  7.2929E-01 -7.0308E-01 -8.4421E-02 -6.8097E-01
  127.00  5.6961E-02 -1.3889E-01  7.3135E-01 -7.0584E-01 -8.3992E-02 -6.7953E-01
  128.00  5.7159E-02 -1.3615E-01  7.3346E-01 -7.0864E-01 -8.3086E-02 -6.7813E-01
  129.00  5.7371E-02 -1.3358E-01  7.3561E-01 -7.1148E-01 -8.1732E-02 -6.7681E-01
  130.00  5.7600E-02 -1.3111E-01  7.3781E-01 -7.1439E-01 -7.9964E-02 -6.7556E-01
  131.00  5.7845E-02 -1.2868E-01  7.4006E-01 -7.1737E-01 -7.7820E-02 -6.7439E-01
  132.00  5.8107E-02 -1.2624E-01  7.4235E-01 -7.2042E-01 -7.5345E-02 -6.7331E-01
  133.00  5.8386E-02 -1.2375E-01  7.4468E-01 -7.2355E-01 -7.2584E-02 -6.7232E-01
  134.00  5.8680E-02 -1.2118E-01  7.4704E-01 -7.2674E-01 -6.9584E-02 -6.7140E-01
  135.00  5.8989E-02 -1.1849E-01  7.4943E-01 -7.3000E-01 -6.6393E-02 -6.7056E-01
  136.00  5.9312E-02 -1.1568E-01  7.5184E-01 -7.3329E-01 -6.3056E-02 -6.6977E-01
  137.00  5.9648E-02 -1.1272E-01  7.5426E-01 -7.3662E-01 -5.9619E-02 -6.6903E-01
  138.00  5.9996E-02 -1.0962E-01  7.5670E-01 -7.3997E-01 -5.6123E-02 -6.6833E-01
  139.00  6.0353E-02 -1.0637E-01  7.5913E-01 -7.4333E-01 -5.2607E-02 -6.6765E-01
  140.00  6.0719E-02 -1.0299E-01  7.6155E-01 -7.4668E-01 -4.9108E-02 -6.6698E-01
  141.00  6.1091E-02 -9.9466E-02  7.6396E-01 -7.5001E-01 -4.5657E-02 -6.6631E-01
  142.00  6.1468E-02 -9.5830E-02  7.6635E-01 -7.5331E-01 -4.2282E-02 -6.6562E-01
  143.00  6.1848E-02 -9.2093E-02  7.6871E-01 -7.5656E-01 -3.9006E-02 -6.6492E-01
  144.00  6.2229E-02 -8.8273E-02  7.7103E-01 -7.5976E-01 -3.5850E-02 -6.6418E-01
  145.00  6.2610E-02 -8.4389E-02  7.7332E-01 -7.6289E-01 -3.2829E-02 -6.6341E-01
  146.00  6.2989E-02 -8.0460E-02  7.7556E-01 -7.6595E-01 -2.9956E-02 -6.6260E-01
  147.00  6.3364E-02 -7.6506E-02  7.7776E-01 -7.6893E-01 -2.7239E-02 -6.6174E-01
  148.00  6.3735E-02 -7.2547E-02  7.7990E-01 -7.7183E-01 -2.4684E-02 -6.6083E-01
  149.00  6.4099E-02 -6.8600E-02  7.8199E-01 -7.7464E-01 -2.2295E-02 -6.5988E-01
  150.00  6.4456E-02 -6.4683E-02  7.8402E-01 -7.7736E-01 -2.0071E-02 -6.5887E-01
  151.00  6.4805E-02 -6.0811E-02  7.8599E-01 -7.7998E-01 -1.8011E-02 -6.5781E-01
  152.00  6.5145E-02 -5.7001E-02  7.8791E-01 -7.8251E-01 -1.6111E-02 -6.5671E-01
  153.00  6.5474E-02 -5.3264E-02  7.8976E-01 -7.8493E-01 -1.4367E-02 -6.5557E-01
  154.00  6.5793E-02 -4.9612E-02  7.9154E-01 -7.8726E-01 -1.2772E-02 -6.5438E-01
  155.00  6.6100E-02 -4.6055E-02  7.9327E-01 -7.8948E-01 -1.1319E-02 -6.5316E-01
  156.00  6.6396E-02 -4.2602E-02  7.9493E-01 -7.9161E-01 -1.0000E-02 -6.5191E-01
  157.00  6.6680E-02 -3.9260E-02  7.9652E-01 -7.9364E-01 -8.8070E-03 -6.5064E-01
  158.00  6.6952E-02 -3.6035E-02  7.9806E-01 -7.9556E-01 -7.7314E-03 -6.4935E-01
  159.00  6.7212E-02 -3.2933E-02  7.9952E-01 -7.9739E-01 -6.7643E-03 -6.4804E-01
  160.00  6.7459E-02 -2.9957E-02  8.0093E-01 -7.9912E-01 -5.8973E-03 -6.4673E-01
  161.00  6.7694E-02 -2.7111E-02  8.0227E-01 -8.0075E-01 -5.1218E-03 -6.4542E-01
  162.00  6.7917E-02 -2.4397E-02  8.0354E-01 -8.0228E-01 -4.4300E-03 -6.4412E-01
  163.00  6.8128E-02 -2.1818E-02  8.0475E-01 -8.0372E-01 -3.8140E-03 -6.4284E-01
  164.00  6.8326E-02 -1.9376E-02  8.0589E-01 -8.0507E-01 -3.2667E-03 -6.4158E-01
  165.00  6.8512E-02 -1.7073E-02  8.0697E-01 -8.0632E-01 -2.7813E-03 -6.4035E-01
  166.00  6.8686E-02 -1.4908E-02  8.0799E-01 -8.0748E-01 -2.3518E-03 -6.3916E-01
  167.00  6.8849E-02 -1.2885E-02  8.0894E-01 -8.0855E-01 -1.9724E-03 -6.3802E-01
  168.00  6.8999E-02 -1.1005E-02  8.0982E-01 -8.0953E-01 -1.6383E-03 -6.3692E-01
  169.00  6.9137E-02 -9.2678E-03  8.1063E-01 -8.1043E-01 -1.3449E-03 -6.3589E-01
  170.00  6.9263E-02 -7.6757E-03  8.1138E-01 -8.1124E-01 -1.0883E-03 -6.3492E-01
  171.00  6.9378E-02 -6.2298E-03  8.1206E-01 -8.1196E-01 -8.6499E-04 -6.3402E-01
  172.00  6.9480E-02 -4.9316E-03  8.1267E-01 -8.1261E-01 -6.7212E-04 -6.3321E-01
  173.00  6.9571E-02 -3.7822E-03  8.1321E-01 -8.1317E-01 -5.0715E-04 -6.3247E-01
  174.00  6.9650E-02 -2.7830E-03  8.1368E-01 -8.1366E-01 -3.6798E-04 -6.3182E-01
  175.00  6.9716E-02 -1.9353E-03  8.1408E-01 -8.1407E-01 -2.5289E-04 -6.3127E-01
  176.00  6.9771E-02 -1.2399E-03  8.1441E-01 -8.1440E-01 -1.6048E-04 -6.3081E-01
  177.00  6.9813E-02 -6.9809E-04  8.1466E-01 -8.1466E-01 -8.9687E-05 -6.3045E-01
  178.00  6.9844E-02 -3.1046E-04  8.1484E-01 -8.1484E-01 -3.9677E-05 -6.3019E-01
  179.00  6.9862E-02 -7.7645E-05  8.1495E-01 -8.1495E-01 -9.8919E-06 -6.3003E-01
  180.00  6.9868E-02 -1.9246E-15  8.1499E-01 -8.1499E-01 -2.4494E-16 -6.2998E-01
 random orientation scattering matrix expansion coefficients
    n       11          12          13          14          22          23          24          33          34          44
    0  1.0000E+00  0.0000E+00  0.0000E+00 -6.3297E-05  0.0000E+00  0.0000E+00  0.0000E+00  0.0000E+00  0.0000E+00  6.8803E-01
    1  2.1955E+00  0.0000E+00  0.0000E+00  3.1675E-04  0.0000E+00  0.0000E+00  0.0000E+00  0.0000E+00  0.0000E+00  2.3054E+00
    2  3.3329E+00 -2.3935E-01  1.4743E-04  1.7910E-04  2.6328E-01 -8.7393E-06 -1.4301E-04  3.8128E+00 -5.0703E-03  3.2821E+00
    3  3.9199E+00 -2.5538E-01  1.5360E-04  4.6765E-04  6.8952E-02  6.7493E-06 -5.8308E-05  4.3580E+00  9.7575E-02  3.8872E+00
    4  4.1039E+00 -3.2900E-01 -2.9692E-04  4.2271E-04  5.3932E-02 -9.8549E-06  1.2022E-04  4.5351E+00  1.9979E-01  4.1103E+00
    5  3.8991E+00 -4.1541E-01 -2.2310E-04  4.8492E-04  5.3106E-02 -1.9379E-05  1.9233E-04  4.3351E+00  3.2876E-01  3.9647E+00
    6  3.3851E+00 -5.0569E-01  1.1599E-04  7.4152E-04  6.9091E-02 -1.1812E-05 -1.0684E-04  3.8082E+00  4.5327E-01  3.4867E+00
    7  2.6214E+00 -5.6777E-01  9.8550E-05  7.0590E-04  7.0477E-02  3.9549E-06 -9.4801E-05  3.0238E+00  5.6264E-01  2.7629E+00
    8  1.7712E+00 -6.0732E-01 -8.8917E-06  5.4193E-04  9.1596E-02 -1.1826E-06 -7.5534E-05  2.0998E+00  5.9649E-01  1.8872E+00
    9  1.0342E+00 -5.4502E-01 -5.5319E-05  3.1317E-04  1.2392E-01 -5.6612E-06 -6.8367E-05  1.2166E+00  4.6717E-01  1.0360E+00
   10  5.0842E-01 -3.6155E-01 -6.0433E-05  1.3831E-04  1.1010E-01 -3.0272E-06 -4.5856E-05  5.6769E-01  2.5799E-01  4.3881E-01
   11  2.0361E-01 -1.7331E-01 -4.3670E-05  5.2106E-05  6.2929E-02 -9.3550E-07 -2.5571E-05  2.1062E-01  1.0292E-01  1.4348E-01
   12  6.5700E-02 -6.2012E-02 -1.9168E-05  1.6305E-05  2.5153E-02 -1.9820E-07 -1.1163E-05  6.2676E-02  3.0848E-02  3.6911E-02
   13  1.7051E-02 -1.7056E-02 -4.7146E-06  3.8943E-06  7.4263E-03 -2.8850E-08 -3.2481E-06  1.5113E-02  7.2542E-03  7.6561E-03
   14  3.6226E-03 -3.7463E-03 -7.3846E-07  7.5911E-07  1.7127E-03 -4.1081E-09 -7.3530E-07  3.0123E-03  1.3849E-03  1.3106E-03
   15  6.4099E-04 -6.7573E-04 -7.3673E-08  1.1036E-07  3.1996E-04 -6.6865E-10 -1.1941E-07  5.0472E-04  2.2059E-04  1.8873E-04
   16  9.6187E-05 -1.0253E-04 -3.8977E-09  1.1557E-08  4.9848E-05 -8.8711E-11 -1.3864E-08  7.2281E-05  2.9913E-05  2.3229E-05
   17  1.2417E-05 -1.3319E-05  1.7920E-11  7.5258E-10  6.6087E-06 -1.0395E-11 -1.0714E-09  8.9635E-06  3.4953E-06  2.4706E-06
   18  1.3887E-06 -1.4951E-06  9.9013E-12  8.7425E-12  7.5405E-07 -1.0303E-12 -3.8260E-11  9.6787E-07  3.5246E-07  2.2643E-07
   19  1.3254E-07 -1.4294E-07  3.5003E-12 -2.4631E-13  7.3124E-08 -5.5040E-14 -2.3432E-12  8.9497E-08  3.0426E-08  1.7479E-08
   20  1.0673E-08 -1.1512E-08  8.0864E-13  1.9454E-13  5.9590E-09 -4.7969E-16 -4.4199E-13  7.0099E-09  2.2410E-09  1.1280E-09
   21  7.0409E-10 -7.5885E-10  5.0927E-14  8.1566E-15  3.9660E-10  5.1696E-16 -2.2615E-14  4.5129E-10  1.3654E-10  5.8940E-11
   22  3.8842E-11 -4.1809E-11  2.7996E-15  9.9596E-16  2.2016E-11  7.5200E-17 -2.1011E-15  2.4377E-11  7.0060E-12  2.5194E-12
   23  1.5527E-12 -1.6688E-12  4.1308E-16  1.0684E-16  8.8376E-13  6.6572E-18 -2.0617E-16  9.5684E-13  2.6150E-13  7.5099E-14
   24  4.8522E-14 -5.2098E-14  1.4881E-17  4.6087E-18  2.7776E-14  3.7548E-19 -7.3839E-18  2.9446E-14  7.7317E-15  1.4926E-15
