****************************************************
****************************************************
 mstm calculation results
 date, time:
20221120 124345.526 
 input file:
packed_cluster_10_rand.inp
****************************************************
 input variables for run     1
 sphere data input file:
packed_cluster_10_z_config.pos
 number spheres
   10
 length, ref index scale factors
  1.2670000E+00  1.0400000E+00  1.8330000E+00
 volume cluster radius, area mean sphere radius, circumscribing radius, cross section radius
  2.7296659E+00  1.2670000E+00  3.8452829E+00  2.7296659E+00
 random orientation, estimated t matrix order:
    11
 layer 0 refractive index
  1.0000E+00  0.0000E+00
 number of plane boundaries 
  0
 max_iterations,solution_epsilon, mie_epsilon
     10000  1.0000E-06  1.0000E-06
 maximum Mie order, number of equations:
   5       700
 mean sphere Mie extinction, absorption efficiencies
  3.4770E+00  1.6863E+00
****************************************************
 calculation results for run 
           1
 number iterations, error, solution time 
     0  0.0000E+00  1.4548E+00
 t matrix order:
    10
 total extinction, absorption, scattering efficiencies (unpolarized incidence)
  3.6780E+00  1.8573E+00  1.8207E+00
 total scattering
 number directions, number SM elements:
   181     6
   theta     11          12          22          33          34          44     
    0.00  3.5044E+00  0.0000E+00  9.9797E-01  9.9797E-01  0.0000E+00  9.9610E-01
    1.00  3.5001E+00 -2.6059E-04  9.9797E-01  9.9797E-01  1.9927E-04  9.9609E-01
    2.00  3.4873E+00 -1.0428E-03  9.9795E-01  9.9795E-01  7.9762E-04  9.9607E-01
    3.00  3.4661E+00 -2.3478E-03  9.9793E-01  9.9793E-01  1.7968E-03  9.9603E-01
    4.00  3.4365E+00 -4.1779E-03  9.9790E-01  9.9788E-01  3.1995E-03  9.9598E-01
    5.00  3.3989E+00 -6.5359E-03  9.9786E-01  9.9782E-01  5.0097E-03  9.9590E-01
    6.00  3.3534E+00 -9.4256E-03  9.9780E-01  9.9773E-01  7.2324E-03  9.9578E-01
    7.00  3.3004E+00 -1.2852E-02  9.9774E-01  9.9761E-01  9.8740E-03  9.9563E-01
    8.00  3.2403E+00 -1.6820E-02  9.9766E-01  9.9744E-01  1.2942E-02  9.9543E-01
    9.00  3.1733E+00 -2.1336E-02  9.9758E-01  9.9721E-01  1.6444E-02  9.9516E-01
   10.00  3.1001E+00 -2.6407E-02  9.9748E-01  9.9691E-01  2.0391E-02  9.9483E-01
   11.00  3.0209E+00 -3.2042E-02  9.9737E-01  9.9653E-01  2.4793E-02  9.9440E-01
   12.00  2.9365E+00 -3.8249E-02  9.9724E-01  9.9605E-01  2.9663E-02  9.9386E-01
   13.00  2.8472E+00 -4.5038E-02  9.9710E-01  9.9545E-01  3.5014E-02  9.9319E-01
   14.00  2.7537E+00 -5.2418E-02  9.9694E-01  9.9469E-01  4.0860E-02  9.9237E-01
   15.00  2.6566E+00 -6.0403E-02  9.9677E-01  9.9377E-01  4.7218E-02  9.9137E-01
   16.00  2.5563E+00 -6.9002E-02  9.9657E-01  9.9265E-01  5.4104E-02  9.9016E-01
   17.00  2.4535E+00 -7.8228E-02  9.9635E-01  9.9130E-01  6.1536E-02  9.8871E-01
   18.00  2.3487E+00 -8.8095E-02  9.9611E-01  9.8968E-01  6.9535E-02  9.8698E-01
   19.00  2.2426E+00 -9.8617E-02  9.9585E-01  9.8775E-01  7.8119E-02  9.8493E-01
   20.00  2.1357E+00 -1.0981E-01  9.9555E-01  9.8546E-01  8.7312E-02  9.8251E-01
   21.00  2.0286E+00 -1.2168E-01  9.9523E-01  9.8277E-01  9.7134E-02  9.7967E-01
   22.00  1.9217E+00 -1.3425E-01  9.9486E-01  9.7962E-01  1.0761E-01  9.7636E-01
   23.00  1.8156E+00 -1.4753E-01  9.9446E-01  9.7594E-01  1.1876E-01  9.7250E-01
   24.00  1.7108E+00 -1.6153E-01  9.9402E-01  9.7167E-01  1.3061E-01  9.6802E-01
   25.00  1.6077E+00 -1.7627E-01  9.9353E-01  9.6672E-01  1.4319E-01  9.6284E-01
   26.00  1.5067E+00 -1.9176E-01  9.9298E-01  9.6100E-01  1.5651E-01  9.5688E-01
   27.00  1.4082E+00 -2.0800E-01  9.9237E-01  9.5443E-01  1.7059E-01  9.5002E-01
   28.00  1.3125E+00 -2.2501E-01  9.9169E-01  9.4688E-01  1.8546E-01  9.4215E-01
   29.00  1.2200E+00 -2.4279E-01  9.9094E-01  9.3823E-01  2.0114E-01  9.3315E-01
   30.00  1.1308E+00 -2.6134E-01  9.9009E-01  9.2835E-01  2.1762E-01  9.2288E-01
   31.00  1.0453E+00 -2.8066E-01  9.8915E-01  9.1709E-01  2.3492E-01  9.1117E-01
   32.00  9.6357E-01 -3.0072E-01  9.8810E-01  9.0427E-01  2.5302E-01  8.9786E-01
   33.00  8.8577E-01 -3.2151E-01  9.8692E-01  8.8971E-01  2.7192E-01  8.8274E-01
   34.00  8.1203E-01 -3.4299E-01  9.8559E-01  8.7320E-01  2.9159E-01  8.6561E-01
   35.00  7.4240E-01 -3.6512E-01  9.8410E-01  8.5451E-01  3.1197E-01  8.4622E-01
   36.00  6.7692E-01 -3.8783E-01  9.8243E-01  8.3341E-01  3.3299E-01  8.2432E-01
   37.00  6.1559E-01 -4.1105E-01  9.8054E-01  8.0961E-01  3.5455E-01  7.9963E-01
   38.00  5.5839E-01 -4.3465E-01  9.7842E-01  7.8283E-01  3.7651E-01  7.7184E-01
   39.00  5.0525E-01 -4.5850E-01  9.7602E-01  7.5276E-01  3.9868E-01  7.4062E-01
   40.00  4.5609E-01 -4.8243E-01  9.7331E-01  7.1908E-01  4.2084E-01  7.0565E-01
   41.00  4.1081E-01 -5.0621E-01  9.7025E-01  6.8147E-01  4.4266E-01  6.6658E-01
   42.00  3.6929E-01 -5.2958E-01  9.6679E-01  6.3960E-01  4.6377E-01  6.2306E-01
   43.00  3.3137E-01 -5.5222E-01  9.6289E-01  5.9317E-01  4.8370E-01  5.7476E-01
   44.00  2.9691E-01 -5.7375E-01  9.5850E-01  5.4192E-01  5.0187E-01  5.2142E-01
   45.00  2.6573E-01 -5.9373E-01  9.5356E-01  4.8567E-01  5.1758E-01  4.6281E-01
   46.00  2.3765E-01 -6.1165E-01  9.4802E-01  4.2434E-01  5.3003E-01  3.9883E-01
   47.00  2.1250E-01 -6.2694E-01  9.4183E-01  3.5800E-01  5.3829E-01  3.2954E-01
   48.00  1.9008E-01 -6.3901E-01  9.3496E-01  2.8695E-01  5.4133E-01  2.5520E-01
   49.00  1.7020E-01 -6.4721E-01  9.2737E-01  2.1172E-01  5.3804E-01  1.7636E-01
   50.00  1.5267E-01 -6.5096E-01  9.1907E-01  1.3319E-01  5.2730E-01  9.3877E-02
   51.00  1.3730E-01 -6.4970E-01  9.1007E-01  5.2595E-02  5.0803E-01  9.0134E-03
   52.00  1.2390E-01 -6.4304E-01  9.0043E-01 -2.8439E-02  4.7933E-01 -7.6579E-02
   53.00  1.1231E-01 -6.3078E-01  8.9026E-01 -1.0792E-01  4.4056E-01 -1.6086E-01
   54.00  1.0234E-01 -6.1302E-01  8.7970E-01 -1.8357E-01  3.9153E-01 -2.4146E-01
   55.00  9.3831E-02 -5.9017E-01  8.6893E-01 -2.5292E-01  3.3254E-01 -3.1585E-01
   56.00  8.6624E-02 -5.6303E-01  8.5817E-01 -3.1357E-01  2.6456E-01 -3.8149E-01
   57.00  8.0572E-02 -5.3275E-01  8.4765E-01 -3.6334E-01  1.8916E-01 -4.3611E-01
   58.00  7.5538E-02 -5.0076E-01  8.3762E-01 -4.0056E-01  1.0848E-01 -4.7790E-01
   59.00  7.1394E-02 -4.6865E-01  8.2829E-01 -4.2423E-01  2.5094E-02 -5.0576E-01
   60.00  6.8022E-02 -4.3804E-01  8.1984E-01 -4.3415E-01 -5.8246E-02 -5.1942E-01
   61.00  6.5316E-02 -4.1045E-01  8.1237E-01 -4.3091E-01 -1.3882E-01 -5.1941E-01
   62.00  6.3179E-02 -3.8711E-01  8.0596E-01 -4.1583E-01 -2.1416E-01 -5.0702E-01
   63.00  6.1522E-02 -3.6895E-01  8.0060E-01 -3.9076E-01 -2.8226E-01 -4.8412E-01
   64.00  6.0268E-02 -3.5651E-01  7.9622E-01 -3.5791E-01 -3.4163E-01 -4.5292E-01
   65.00  5.9350E-02 -3.4996E-01  7.9275E-01 -3.1960E-01 -3.9137E-01 -4.1580E-01
   66.00  5.8705E-02 -3.4915E-01  7.9006E-01 -2.7808E-01 -4.3108E-01 -3.7508E-01
   67.00  5.8284E-02 -3.5370E-01  7.8801E-01 -2.3545E-01 -4.6082E-01 -3.3291E-01
   68.00  5.8039E-02 -3.6300E-01  7.8648E-01 -1.9350E-01 -4.8100E-01 -2.9116E-01
   69.00  5.7935E-02 -3.7634E-01  7.8535E-01 -1.5374E-01 -4.9226E-01 -2.5137E-01
   70.00  5.7938E-02 -3.9297E-01  7.8450E-01 -1.1734E-01 -4.9543E-01 -2.1479E-01
   71.00  5.8023E-02 -4.1209E-01  7.8385E-01 -8.5183E-02 -4.9139E-01 -1.8233E-01
   72.00  5.8168E-02 -4.3292E-01  7.8331E-01 -5.7884E-02 -4.8109E-01 -1.5465E-01
   73.00  5.8356E-02 -4.5475E-01  7.8281E-01 -3.5831E-02 -4.6545E-01 -1.3217E-01
   74.00  5.8573E-02 -4.7688E-01  7.8232E-01 -1.9218E-02 -4.4535E-01 -1.1510E-01
   75.00  5.8809E-02 -4.9870E-01  7.8180E-01 -8.0801E-03 -4.2162E-01 -1.0348E-01
   76.00  5.9056E-02 -5.1966E-01  7.8121E-01 -2.3267E-03 -3.9507E-01 -9.7246E-02
   77.00  5.9308E-02 -5.3929E-01  7.8055E-01 -1.7632E-03 -3.6640E-01 -9.6199E-02
   78.00  5.9562E-02 -5.5716E-01  7.7981E-01 -6.1146E-03 -3.3628E-01 -1.0007E-01
   79.00  5.9814E-02 -5.7295E-01  7.7898E-01 -1.5043E-02 -3.0530E-01 -1.0851E-01
   80.00  6.0063E-02 -5.8637E-01  7.7806E-01 -2.8163E-02 -2.7400E-01 -1.2115E-01
   81.00  6.0308E-02 -5.9721E-01  7.7706E-01 -4.5056E-02 -2.4288E-01 -1.3755E-01
   82.00  6.0548E-02 -6.0534E-01  7.7598E-01 -6.5278E-02 -2.1236E-01 -1.5727E-01
   83.00  6.0783E-02 -6.1066E-01  7.7483E-01 -8.8373E-02 -1.8281E-01 -1.7984E-01
   84.00  6.1014E-02 -6.1315E-01  7.7362E-01 -1.1388E-01 -1.5456E-01 -2.0481E-01
   85.00  6.1239E-02 -6.1284E-01  7.7236E-01 -1.4135E-01 -1.2789E-01 -2.3170E-01
   86.00  6.1459E-02 -6.0978E-01  7.7105E-01 -1.7033E-01 -1.0301E-01 -2.6007E-01
   87.00  6.1672E-02 -6.0410E-01  7.6970E-01 -2.0040E-01 -8.0108E-02 -2.8949E-01
   88.00  6.1880E-02 -5.9594E-01  7.6833E-01 -2.3116E-01 -5.9314E-02 -3.1954E-01
   89.00  6.2080E-02 -5.8549E-01  7.6692E-01 -2.6223E-01 -4.0722E-02 -3.4986E-01
   90.00  6.2271E-02 -5.7294E-01  7.6550E-01 -2.9327E-01 -2.4382E-02 -3.8009E-01
   91.00  6.2453E-02 -5.5853E-01  7.6406E-01 -3.2398E-01 -1.0311E-02 -4.0992E-01
   92.00  6.2625E-02 -5.4247E-01  7.6261E-01 -3.5407E-01  1.5061E-03 -4.3907E-01
   93.00  6.2784E-02 -5.2503E-01  7.6115E-01 -3.8331E-01  1.1115E-02 -4.6731E-01
   94.00  6.2930E-02 -5.0643E-01  7.5969E-01 -4.1152E-01  1.8587E-02 -4.9443E-01
   95.00  6.3060E-02 -4.8692E-01  7.5823E-01 -4.3851E-01  2.4012E-02 -5.2027E-01
   96.00  6.3175E-02 -4.6673E-01  7.5676E-01 -4.6416E-01  2.7501E-02 -5.4468E-01
   97.00  6.3272E-02 -4.4609E-01  7.5530E-01 -4.8838E-01  2.9177E-02 -5.6758E-01
   98.00  6.3350E-02 -4.2521E-01  7.5385E-01 -5.1109E-01  2.9176E-02 -5.8889E-01
   99.00  6.3409E-02 -4.0429E-01  7.5241E-01 -5.3226E-01  2.7640E-02 -6.0857E-01
  100.00  6.3449E-02 -3.8350E-01  7.5097E-01 -5.5187E-01  2.4718E-02 -6.2660E-01
  101.00  6.3468E-02 -3.6301E-01  7.4956E-01 -5.6993E-01  2.0562E-02 -6.4298E-01
  102.00  6.3467E-02 -3.4297E-01  7.4817E-01 -5.8645E-01  1.5324E-02 -6.5773E-01
  103.00  6.3446E-02 -3.2351E-01  7.4680E-01 -6.0148E-01  9.1566E-03 -6.7089E-01
  104.00  6.3405E-02 -3.0474E-01  7.4548E-01 -6.1507E-01  2.2085E-03 -6.8251E-01
  105.00  6.3346E-02 -2.8676E-01  7.4419E-01 -6.2729E-01 -5.3742E-03 -6.9265E-01
  106.00  6.3269E-02 -2.6963E-01  7.4295E-01 -6.3821E-01 -1.3450E-02 -7.0139E-01
  107.00  6.3177E-02 -2.5343E-01  7.4177E-01 -6.4791E-01 -2.1885E-02 -7.0880E-01
  108.00  6.3070E-02 -2.3821E-01  7.4065E-01 -6.5648E-01 -3.0548E-02 -7.1496E-01
  109.00  6.2950E-02 -2.2398E-01  7.3962E-01 -6.6400E-01 -3.9318E-02 -7.1996E-01
  110.00  6.2820E-02 -2.1078E-01  7.3867E-01 -6.7057E-01 -4.8080E-02 -7.2390E-01
  111.00  6.2682E-02 -1.9860E-01  7.3782E-01 -6.7627E-01 -5.6728E-02 -7.2686E-01
  112.00  6.2538E-02 -1.8745E-01  7.3707E-01 -6.8122E-01 -6.5162E-02 -7.2894E-01
  113.00  6.2390E-02 -1.7731E-01  7.3645E-01 -6.8548E-01 -7.3292E-02 -7.3023E-01
  114.00  6.2242E-02 -1.6814E-01  7.3596E-01 -6.8915E-01 -8.1038E-02 -7.3081E-01
  115.00  6.2095E-02 -1.5993E-01  7.3561E-01 -6.9233E-01 -8.8327E-02 -7.3078E-01
  116.00  6.1951E-02 -1.5263E-01  7.3541E-01 -6.9508E-01 -9.5096E-02 -7.3022E-01
  117.00  6.1814E-02 -1.4619E-01  7.3537E-01 -6.9750E-01 -1.0129E-01 -7.2921E-01
  118.00  6.1686E-02 -1.4055E-01  7.3550E-01 -6.9964E-01 -1.0687E-01 -7.2784E-01
  119.00  6.1568E-02 -1.3566E-01  7.3581E-01 -7.0159E-01 -1.1180E-01 -7.2616E-01
  120.00  6.1464E-02 -1.3146E-01  7.3629E-01 -7.0341E-01 -1.1605E-01 -7.2427E-01
  121.00  6.1374E-02 -1.2788E-01  7.3697E-01 -7.0515E-01 -1.1961E-01 -7.2221E-01
  122.00  6.1300E-02 -1.2485E-01  7.3783E-01 -7.0687E-01 -1.2246E-01 -7.2005E-01
  123.00  6.1244E-02 -1.2232E-01  7.3888E-01 -7.0861E-01 -1.2462E-01 -7.1785E-01
  124.00  6.1207E-02 -1.2021E-01  7.4013E-01 -7.1042E-01 -1.2609E-01 -7.1565E-01
  125.00  6.1191E-02 -1.1847E-01  7.4156E-01 -7.1233E-01 -1.2688E-01 -7.1349E-01
  126.00  6.1196E-02 -1.1701E-01  7.4318E-01 -7.1436E-01 -1.2702E-01 -7.1141E-01
  127.00  6.1222E-02 -1.1579E-01  7.4498E-01 -7.1654E-01 -1.2654E-01 -7.0944E-01
  128.00  6.1271E-02 -1.1475E-01  7.4696E-01 -7.1889E-01 -1.2548E-01 -7.0762E-01
  129.00  6.1342E-02 -1.1383E-01  7.4910E-01 -7.2141E-01 -1.2387E-01 -7.0595E-01
  130.00  6.1436E-02 -1.1299E-01  7.5140E-01 -7.2413E-01 -1.2175E-01 -7.0446E-01
  131.00  6.1552E-02 -1.1217E-01  7.5385E-01 -7.2702E-01 -1.1918E-01 -7.0316E-01
  132.00  6.1690E-02 -1.1135E-01  7.5644E-01 -7.3011E-01 -1.1620E-01 -7.0205E-01
  133.00  6.1849E-02 -1.1047E-01  7.5914E-01 -7.3337E-01 -1.1285E-01 -7.0114E-01
  134.00  6.2030E-02 -1.0951E-01  7.6196E-01 -7.3681E-01 -1.0919E-01 -7.0043E-01
  135.00  6.2230E-02 -1.0845E-01  7.6488E-01 -7.4041E-01 -1.0527E-01 -6.9991E-01
  136.00  6.2450E-02 -1.0727E-01  7.6789E-01 -7.4415E-01 -1.0114E-01 -6.9958E-01
  137.00  6.2689E-02 -1.0594E-01  7.7096E-01 -7.4803E-01 -9.6829E-02 -6.9942E-01
  138.00  6.2944E-02 -1.0445E-01  7.7410E-01 -7.5202E-01 -9.2397E-02 -6.9942E-01
  139.00  6.3216E-02 -1.0279E-01  7.7728E-01 -7.5610E-01 -8.7880E-02 -6.9958E-01
  140.00  6.3503E-02 -1.0097E-01  7.8049E-01 -7.6026E-01 -8.3318E-02 -6.9987E-01
  141.00  6.3803E-02 -9.8969E-02  7.8372E-01 -7.6448E-01 -7.8746E-02 -7.0029E-01
  142.00  6.4116E-02 -9.6798E-02  7.8696E-01 -7.6874E-01 -7.4196E-02 -7.0081E-01
  143.00  6.4440E-02 -9.4458E-02  7.9019E-01 -7.7301E-01 -6.9698E-02 -7.0142E-01
  144.00  6.4774E-02 -9.1954E-02  7.9341E-01 -7.7729E-01 -6.5277E-02 -7.0211E-01
  145.00  6.5117E-02 -8.9295E-02  7.9661E-01 -7.8155E-01 -6.0956E-02 -7.0286E-01
  146.00  6.5468E-02 -8.6490E-02  7.9978E-01 -7.8577E-01 -5.6754E-02 -7.0366E-01
  147.00  6.5824E-02 -8.3550E-02  8.0290E-01 -7.8994E-01 -5.2687E-02 -7.0448E-01
  148.00  6.6186E-02 -8.0486E-02  8.0598E-01 -7.9405E-01 -4.8769E-02 -7.0532E-01
  149.00  6.6551E-02 -7.7312E-02  8.0899E-01 -7.9808E-01 -4.5010E-02 -7.0617E-01
  150.00  6.6919E-02 -7.4042E-02  8.1195E-01 -8.0202E-01 -4.1418E-02 -7.0701E-01
  151.00  6.7288E-02 -7.0689E-02  8.1484E-01 -8.0585E-01 -3.7998E-02 -7.0784E-01
  152.00  6.7658E-02 -6.7268E-02  8.1765E-01 -8.0957E-01 -3.4755E-02 -7.0864E-01
  153.00  6.8027E-02 -6.3795E-02  8.2038E-01 -8.1316E-01 -3.1690E-02 -7.0941E-01
  154.00  6.8393E-02 -6.0284E-02  8.2303E-01 -8.1663E-01 -2.8803E-02 -7.1014E-01
  155.00  6.8757E-02 -5.6752E-02  8.2560E-01 -8.1996E-01 -2.6092E-02 -7.1083E-01
  156.00  6.9117E-02 -5.3212E-02  8.2808E-01 -8.2315E-01 -2.3554E-02 -7.1147E-01
  157.00  6.9471E-02 -4.9680E-02  8.3046E-01 -8.2619E-01 -2.1186E-02 -7.1206E-01
  158.00  6.9819E-02 -4.6172E-02  8.3275E-01 -8.2908E-01 -1.8984E-02 -7.1259E-01
  159.00  7.0160E-02 -4.2701E-02  8.3495E-01 -8.3182E-01 -1.6940E-02 -7.1307E-01
  160.00  7.0493E-02 -3.9282E-02  8.3704E-01 -8.3441E-01 -1.5051E-02 -7.1350E-01
  161.00  7.0817E-02 -3.5930E-02  8.3904E-01 -8.3685E-01 -1.3309E-02 -7.1387E-01
  162.00  7.1131E-02 -3.2658E-02  8.4094E-01 -8.3914E-01 -1.1707E-02 -7.1420E-01
  163.00  7.1434E-02 -2.9480E-02  8.4274E-01 -8.4128E-01 -1.0239E-02 -7.1447E-01
  164.00  7.1725E-02 -2.6408E-02  8.4443E-01 -8.4326E-01 -8.8977E-03 -7.1470E-01
  165.00  7.2004E-02 -2.3455E-02  8.4603E-01 -8.4511E-01 -7.6768E-03 -7.1488E-01
  166.00  7.2269E-02 -2.0633E-02  8.4752E-01 -8.4681E-01 -6.5694E-03 -7.1502E-01
  167.00  7.2519E-02 -1.7953E-02  8.4891E-01 -8.4837E-01 -5.5689E-03 -7.1513E-01
  168.00  7.2755E-02 -1.5427E-02  8.5019E-01 -8.4980E-01 -4.6693E-03 -7.1521E-01
  169.00  7.2974E-02 -1.3063E-02  8.5138E-01 -8.5109E-01 -3.8645E-03 -7.1526E-01
  170.00  7.3178E-02 -1.0872E-02  8.5246E-01 -8.5226E-01 -3.1491E-03 -7.1529E-01
  171.00  7.3363E-02 -8.8627E-03  8.5343E-01 -8.5330E-01 -2.5178E-03 -7.1530E-01
  172.00  7.3532E-02 -7.0425E-03  8.5430E-01 -8.5422E-01 -1.9660E-03 -7.1530E-01
  173.00  7.3681E-02 -5.4190E-03  8.5507E-01 -8.5503E-01 -1.4894E-03 -7.1529E-01
  174.00  7.3812E-02 -3.9986E-03  8.5574E-01 -8.5572E-01 -1.0841E-03 -7.1527E-01
  175.00  7.3923E-02 -2.7870E-03  8.5631E-01 -8.5629E-01 -7.4693E-04 -7.1525E-01
  176.00  7.4015E-02 -1.7890E-03  8.5677E-01 -8.5676E-01 -4.7491E-04 -7.1523E-01
  177.00  7.4087E-02 -1.0087E-03  8.5713E-01 -8.5713E-01 -2.6577E-04 -7.1521E-01
  178.00  7.4138E-02 -4.4905E-04  8.5738E-01 -8.5738E-01 -1.1769E-04 -7.1519E-01
  179.00  7.4169E-02 -1.1237E-04  8.5754E-01 -8.5754E-01 -2.9356E-05 -7.1518E-01
  180.00  7.4179E-02 -2.7860E-15  8.5759E-01 -8.5759E-01 -7.2702E-16 -7.1518E-01
 random orientation scattering matrix expansion coefficients
    n       11          12          13          14          22          23          24          33          34          44
    0  1.0000E+00  0.0000E+00  0.0000E+00  1.3338E-04  0.0000E+00  0.0000E+00  0.0000E+00  0.0000E+00  0.0000E+00  6.0680E-01
    1  2.0229E+00  0.0000E+00  0.0000E+00  9.8653E-05  0.0000E+00  0.0000E+00  0.0000E+00  0.0000E+00  0.0000E+00  2.0740E+00
    2  2.7662E+00 -3.2328E-01 -1.0077E-04  2.7765E-04  3.0654E-01 -4.5595E-05 -4.1384E-04  3.4823E+00  7.6197E-02  2.7347E+00
    3  2.7977E+00 -4.0928E-01 -9.2257E-05  8.4277E-05  1.3345E-01  2.6855E-05  5.2864E-05  3.4637E+00  3.0321E-01  2.8614E+00
    4  2.3322E+00 -5.2303E-01  1.0225E-04 -8.9077E-05  1.2963E-01  1.9366E-05  6.7111E-05  2.9800E+00  4.9412E-01  2.5028E+00
    5  1.5792E+00 -6.1751E-01  3.7557E-04  2.4559E-04  1.3554E-01 -5.1963E-06 -3.3895E-04  2.1376E+00  6.2410E-01  1.7972E+00
    6  9.0128E-01 -6.0355E-01  5.5770E-05  2.5137E-04  1.8704E-01 -1.8360E-06 -2.8492E-04  1.2114E+00  5.1100E-01  9.4482E-01
    7  4.2141E-01 -3.8507E-01 -4.9255E-05  5.0821E-05  1.5626E-01  1.3455E-06 -5.6178E-05  5.1126E-01  2.5129E-01  3.3972E-01
    8  1.5017E-01 -1.5801E-01 -7.0706E-06 -6.4966E-06  7.4242E-02 -2.0895E-07  6.7416E-06  1.5951E-01  7.8319E-02  8.4350E-02
    9  3.8460E-02 -4.2721E-02  1.5726E-06 -1.9371E-06  2.1558E-02 -2.0502E-07  2.1100E-06  3.6411E-02  1.6986E-02  1.5246E-02
   10  7.3929E-03 -8.3825E-03  2.5670E-07 -4.5790E-08  4.4037E-03 -5.1985E-08  6.5079E-08  6.3758E-03  2.7368E-03  2.0965E-03
   11  1.0913E-03 -1.2441E-03  9.4567E-09  1.3817E-08  6.6921E-04 -7.8505E-09 -1.0021E-08  8.7455E-04  3.4421E-04  2.2665E-04
   12  1.2859E-04 -1.4645E-04 -1.2286E-09  2.4231E-09  7.9949E-05 -7.7653E-10 -1.8535E-09  9.7204E-05  3.5050E-05  1.9864E-05
   13  1.2433E-05 -1.4103E-05 -2.4886E-10  2.3819E-10  7.7701E-06 -5.4294E-11 -1.9227E-10  8.9642E-06  2.9732E-06  1.4426E-06
   14  1.0092E-06 -1.1390E-06 -1.6773E-11  1.6692E-11  6.3112E-07 -2.7046E-12 -1.5764E-11  6.9984E-07  2.1361E-07  8.7849E-08
   15  6.9212E-08 -7.7699E-08 -9.5071E-13  1.1589E-12  4.3230E-08 -8.4834E-14 -1.2196E-12  4.6440E-08  1.3043E-08  4.4205E-09
   16  4.0250E-09 -4.4947E-09  2.4188E-15  7.4165E-14  2.5075E-09 -9.5046E-16 -8.8127E-14  2.6264E-09  6.8316E-10  1.8138E-10
   17  1.9186E-10 -2.1313E-10  8.7527E-16 -1.9975E-15  1.1906E-10  2.0655E-16  2.0097E-15  1.2224E-10  2.9695E-11  5.7026E-12
   18  7.4864E-12 -8.2750E-12 -7.5256E-17 -1.0799E-16  4.6250E-12  5.0489E-18  1.3397E-16  4.6738E-12  1.0720E-12  1.2616E-13
   19  2.0182E-13 -2.2202E-13 -3.9110E-18 -1.6404E-18  1.2395E-13  6.9583E-20  2.4707E-18  1.2389E-13  2.7019E-14  1.4983E-15
   20  4.4640E-15 -4.8941E-15 -7.5144E-20  6.7264E-22  2.7341E-15 -1.0397E-20  1.0673E-20  2.7037E-15  5.6698E-16 -1.6405E-17
